25 0 0 25 0 0 0 0 0 0 0 36 0 0 12 42 
0 18 0 0 0 0 0 0 0 0 0 0 0 0 0 0 
0 0 0 0 0 0 5 0 0 0 0 0 0 0 0 0 
0 0 0 0 0 0 0 0 0 0 0 0 0 0 0 0 
0 12 4 0 0 0 0 4 0 0 0 0 9 0 0 0 
0 56 0 0 0 0 0 0 0 0 0 49 0 0 0 0 
0 0 0 0 0 0 0 0 0 0 0 0 0 0 0 0 
42 0 0 0 0 0 0 0 0 63 0 0 28 0 0 0 
0 0 12 0 0 0 0 12 0 0 0 0 27 0 0 0 
0 0 0 0 0 0 0 0 0 0 0 30 0 0 50 35 
0 0 0 0 0 0 21 0 0 0 0 0 0 0 0 0 
0 64 0 0 0 0 0 0 0 0 0 56 0 0 0 0 
42 0 0 0 0 0 35 0 0 63 0 0 28 0 0 0 
0 12 0 0 0 0 0 0 0 0 0 0 0 0 0 0 
0 0 0 0 0 0 0 0 0 0 0 0 0 0 0 0 
0 0 0 0 0 0 14 0 0 0 0 0 0 0 0 0 
