6 0 0 0 0 0 0 0 0 0 0 0 0 0 0 0 
0 9 0 0 0 0 0 0 0 0 0 0 0 0 0 0 
0 0 12 0 0 0 0 0 0 0 0 0 0 0 0 0 
0 0 0 0 0 0 0 0 0 0 0 0 0 0 0 0 
0 0 0 0 2 0 0 0 0 0 0 0 0 0 0 0 
0 0 0 0 0 12 0 0 0 0 0 0 0 0 0 0 
0 0 0 0 0 0 81 0 0 0 0 0 0 0 0 0 
0 0 0 0 0 0 0 25 0 0 0 0 0 0 0 0 
0 0 0 0 0 0 0 0 16 0 0 0 0 0 0 0 
0 0 0 0 0 0 0 0 0 16 0 0 0 0 0 0 
0 0 0 0 0 0 0 0 0 0 40 0 0 0 0 0 
0 0 0 0 0 0 0 0 0 0 0 6 0 0 0 0 
0 0 0 0 0 0 0 0 0 0 0 0 63 0 0 0 
0 0 0 0 0 0 0 0 0 0 0 0 0 0 0 0 
0 0 0 0 0 0 0 0 0 0 0 0 0 0 45 0 
0 0 0 0 0 0 0 0 0 0 0 0 0 0 0 8 
