0 0 0 0 20 0 0 0 32 0 0 16 0 0 0 0 
9 0 0 0 0 0 2 0 0 0 0 7 4 0 0 0 
54 0 0 0 14 0 0 0 0 0 0 42 24 0 0 0 
0 0 0 0 0 0 0 0 0 0 0 0 0 0 0 2 
0 0 0 0 0 0 0 0 0 0 7 0 0 0 0 0 
0 0 0 0 0 0 0 0 0 0 0 0 0 0 0 0 
0 0 0 0 25 0 0 0 40 0 0 20 0 0 0 0 
0 0 0 0 0 0 0 0 0 0 0 0 0 0 0 0 
0 0 0 0 14 35 0 0 0 0 6 0 0 0 0 18 
0 0 0 0 0 0 0 0 0 0 0 0 0 0 0 0 
0 0 0 0 0 0 2 0 0 0 0 0 0 0 0 0 
0 0 0 0 0 30 0 0 0 0 0 0 0 0 0 4 
0 0 0 0 0 0 0 0 0 0 0 0 0 0 0 0 
0 0 0 0 0 12 0 0 0 0 0 12 0 24 0 0 
0 0 0 0 6 36 0 0 0 0 54 0 0 0 0 0 
0 0 0 0 0 0 0 0 0 0 0 0 0 0 0 0 
