291 280 359 245 300 403 295 246 273 221 219 257 288 386 422 347 
257 262 270 261 280 333 260 291 254 216 94 248 237 329 375 327 
222 200 333 309 240 326 258 227 303 279 117 264 297 329 300 301 
385 266 358 343 298 530 403 272 395 320 156 310 384 413 464 372 
261 237 367 304 260 381 253 253 299 344 169 227 335 395 369 308 
201 243 320 291 214 275 197 290 275 265 144 225 256 322 331 316 
358 243 343 301 297 438 337 180 305 255 231 251 364 362 446 348 
363 301 481 404 343 445 316 330 391 348 240 321 409 457 500 391 
273 206 261 271 184 274 254 273 301 240 136 227 195 269 313 311 
408 221 461 429 358 472 390 327 424 374 225 322 423 473 466 378 
312 267 339 337 319 455 312 274 321 272 202 273 300 380 438 352 
291 207 275 300 228 340 254 253 311 348 132 279 268 321 303 281 
309 239 345 365 281 362 342 348 349 247 189 268 298 373 417 351 
311 229 412 356 282 441 344 286 339 231 194 278 391 425 410 347 
369 253 433 414 354 458 345 307 401 333 249 266 416 437 438 410 
382 277 519 387 307 475 372 328 412 299 233 389 410 469 450 385 
