6 0 0 0 0 0 0 0 0 0 0 0 0 0 0 0 
0 56 0 0 0 0 0 0 0 0 0 0 0 0 0 0 
0 0 18 0 0 0 0 0 0 0 0 0 0 0 0 0 
0 0 0 81 0 0 0 0 0 0 0 0 0 0 0 0 
0 0 0 0 10 0 0 0 0 0 0 0 0 0 0 0 
0 0 0 0 0 8 0 0 0 0 0 0 0 0 0 0 
0 0 0 0 0 0 10 0 0 0 0 0 0 0 0 0 
0 0 0 0 0 0 0 0 0 0 0 0 0 0 0 0 
0 0 0 0 0 0 0 0 0 0 0 0 0 0 0 0 
0 0 0 0 0 0 0 0 0 5 0 0 0 0 0 0 
0 0 0 0 0 0 0 0 0 0 49 0 0 0 0 0 
0 0 0 0 0 0 0 0 0 0 0 0 0 0 0 0 
0 0 0 0 0 0 0 0 0 0 0 0 27 0 0 0 
0 0 0 0 0 0 0 0 0 0 0 0 0 64 0 0 
0 0 0 0 0 0 0 0 0 0 0 0 0 0 16 0 
0 0 0 0 0 0 0 0 0 0 0 0 0 0 0 30 
