281 332 328 328 274 266 288 361 352 221 516 451 307 316 441 399 
270 399 219 265 321 172 250 346 304 239 373 389 185 265 345 330 
210 348 264 368 333 240 309 373 258 314 414 345 315 248 315 282 
230 280 299 292 305 315 327 327 368 289 416 379 233 372 393 406 
254 367 304 262 310 185 302 288 353 271 409 400 313 275 354 328 
136 221 243 204 208 127 178 190 193 174 300 255 223 151 219 211 
329 428 343 397 328 278 382 433 378 293 484 443 335 390 449 380 
247 361 362 340 293 242 330 353 331 256 529 448 320 330 424 407 
239 351 284 337 332 219 281 329 313 275 381 351 270 309 348 293 
255 266 231 298 244 220 242 327 307 249 332 306 268 242 296 263 
241 347 298 322 328 318 331 331 334 325 422 372 307 357 391 372 
320 457 325 347 359 237 357 399 376 265 481 471 294 379 455 398 
170 265 266 296 289 184 245 293 258 269 336 284 270 227 259 234 
214 312 211 291 248 180 250 360 234 231 388 383 190 220 295 333 
239 334 283 297 334 271 286 357 353 245 442 328 261 302 393 339 
213 303 253 254 281 234 269 306 322 246 345 290 216 283 310 309 
