455 322 414 448 474 397 458 387 337 408 407 357 456 409 380 443 
410 271 360 403 344 293 354 358 335 325 259 313 367 281 318 340 
435 328 381 309 396 341 380 260 314 419 369 312 370 360 392 345 
388 214 306 290 329 339 358 325 326 269 356 286 332 302 275 319 
370 314 410 362 406 382 394 369 323 324 381 320 361 300 368 371 
245 235 253 246 260 269 283 195 207 247 251 207 256 214 258 243 
488 341 430 449 445 379 482 352 343 453 390 357 469 384 440 448 
339 253 331 334 317 287 292 249 259 311 237 293 313 260 293 336 
300 161 212 322 269 274 284 175 235 261 219 202 265 235 260 254 
333 330 355 380 377 286 330 311 273 358 331 297 319 259 383 311 
408 296 354 378 419 353 342 235 293 407 339 313 336 343 382 349 
468 313 371 428 416 334 491 379 351 458 315 280 373 291 351 403 
357 224 245 313 327 322 299 242 313 293 249 279 259 241 203 232 
295 292 333 300 369 321 349 318 260 311 365 246 281 260 305 351 
311 249 260 313 291 279 292 249 255 301 291 293 275 228 268 291 
423 423 472 454 491 460 484 359 341 447 442 397 465 380 449 469 
