30 0 0 0 0 0 0 0 0 0 0 0 0 0 0 0 
0 21 0 0 0 0 0 0 56 0 0 54 0 0 9 0 
0 0 0 8 0 0 0 0 0 0 0 12 0 0 2 0 
58 0 5 0 0 9 0 0 9 0 0 0 0 0 0 7 
0 0 0 0 0 0 0 0 0 0 0 0 0 0 0 0 
0 0 0 0 0 0 0 0 0 0 0 0 0 0 0 0 
0 0 0 0 0 7 0 0 0 54 0 0 0 27 0 0 
12 0 0 0 0 0 0 0 12 0 18 0 0 0 0 33 
0 24 0 0 0 0 0 0 64 0 0 0 0 0 0 0 
0 0 0 0 0 0 0 0 0 0 0 0 0 0 0 0 
0 0 0 0 0 0 0 0 0 0 0 0 0 0 0 0 
0 0 0 0 0 16 0 0 0 0 0 0 0 0 0 0 
0 0 0 0 0 0 0 0 0 0 0 0 0 0 0 0 
0 0 0 0 0 0 0 0 0 0 0 0 0 0 0 0 
0 0 0 54 0 1 0 0 18 0 0 0 0 0 0 0 
0 0 0 27 0 9 0 0 9 0 0 0 0 0 0 0 
