1295 1270 1222 1366 1309 1262 1396 1342 1181 1258 1474 1219 1095 1300 1340 1450 1161 1378 1316 1497 1134 1371 1363 1159 1144 1240 1419 1386 1085 1428 1353 1137 1081 1327 1622 1207 1503 1164 1377 1196 1143 1367 1439 1268 1226 1397 1343 1209 1246 1342 1433 1351 1594 1201 1227 1275 1288 1394 1135 1085 1302 1489 1269 1230 
1331 1429 1117 1353 1367 1334 1481 1471 1143 1111 1521 1175 1177 1155 1402 1406 1192 1439 1346 1448 1212 1409 1214 1290 1252 1361 1378 1341 1198 1517 1333 1299 1027 1294 1366 1153 1473 1175 1348 1254 1299 1301 1499 1143 1122 1247 1204 1396 1227 1349 1410 1430 1442 1309 1447 1284 1145 1486 1180 1269 1531 1503 1163 1260 
1394 1315 1049 1302 1221 1357 1502 1423 1253 1256 1460 1278 1219 1266 1375 1441 1245 1362 1225 1438 1235 1406 1201 1193 1147 1291 1340 1246 1128 1421 1334 1301 1077 1219 1339 1196 1452 1206 1313 1168 1212 1364 1525 1295 1299 1407 1305 1351 1243 1272 1331 1462 1440 1239 1432 1151 1189 1524 1144 1212 1339 1377 1132 1215 
1198 1128 942 1112 1250 1057 1365 1292 1003 1111 1217 1008 924 1015 1234 1189 1090 1263 1076 1166 1061 1106 1050 1073 1053 1168 1216 1140 866 1227 1087 1075 1077 1216 1222 1086 1312 987 1174 1052 1062 1130 1270 1064 1086 1186 1132 1221 1057 1174 1133 1174 1347 1137 1186 990 953 1145 882 955 1189 1171 988 1003 
1399 1566 1149 1535 1413 1443 1634 1526 1330 1289 1487 1407 1288 1328 1538 1338 1255 1552 1544 1555 1238 1559 1351 1380 1312 1543 1477 1469 1282 1464 1276 1407 1116 1479 1608 1156 1635 1251 1535 1411 1326 1465 1565 1246 1300 1349 1472 1426 1408 1429 1434 1584 1528 1393 1487 1404 1223 1481 1180 1223 1549 1573 1299 1339 
1305 1261 939 1221 1380 1309 1362 1447 1218 1139 1511 1206 1024 1278 1241 1332 1175 1385 1305 1395 1158 1357 1228 1207 1076 1201 1279 1357 1183 1303 1192 1251 991 1229 1420 1235 1370 1136 1359 1282 1165 1271 1376 1135 1143 1309 1218 1261 1155 1373 1222 1317 1498 1340 1334 1352 1124 1375 1131 1090 1383 1317 1133 1138 
1457 1366 1054 1343 1328 1369 1419 1480 1278 1261 1509 1186 1222 1276 1548 1484 1211 1514 1325 1640 1219 1357 1424 1329 1076 1399 1313 1385 1226 1491 1263 1206 1173 1185 1445 1214 1427 1378 1517 1351 1249 1296 1569 1356 1200 1287 1249 1335 1373 1396 1282 1436 1382 1305 1278 1204 1136 1506 1066 1062 1323 1416 1175 1284 
1543 1652 1353 1590 1607 1478 1658 1672 1430 1398 1660 1361 1305 1467 1627 1512 1583 1707 1323 1741 1189 1474 1499 1462 1394 1548 1498 1432 1299 1624 1464 1596 1216 1474 1558 1500 1727 1323 1495 1522 1349 1478 1553 1435 1375 1461 1525 1522 1398 1481 1424 1418 1665 1474 1569 1390 1382 1489 1407 1327 1548 1541 1407 1420 
1206 1286 989 1104 1048 1107 1144 1391 990 1045 1235 1001 1013 1176 1257 1124 1075 1268 955 1240 952 1265 1094 1017 1066 1306 1047 1038 1034 1114 1025 1221 955 1054 1224 1160 1288 1000 1111 1047 972 1149 1188 1030 927 1087 956 1137 1056 1129 1273 1188 1227 1103 1061 1133 1035 1102 1118 973 1173 1112 1104 1053 
1315 1449 1116 1225 1381 1153 1393 1365 1190 1219 1386 1110 1094 1195 1343 1366 1210 1488 1130 1377 1027 1187 1318 1221 1252 1407 1336 1380 1092 1281 1278 1147 1070 1282 1384 1291 1508 1183 1361 1177 1084 1276 1250 1223 1249 1301 1271 1293 1272 1353 1306 1372 1423 1330 1177 1231 1162 1461 1106 1199 1199 1435 1160 1148 
1492 1542 1097 1342 1394 1385 1470 1513 1180 1187 1605 1184 1207 1284 1486 1499 1199 1479 1302 1483 1138 1394 1267 1273 1185 1423 1310 1304 1102 1385 1073 1242 1124 1295 1427 1265 1568 1274 1292 1276 1197 1358 1561 1426 1191 1215 1201 1229 1253 1309 1311 1345 1443 1151 1344 1299 1216 1434 1079 1194 1373 1519 1111 1208 
1286 1232 1033 1382 1275 1382 1342 1337 1052 1097 1471 1288 1192 1097 1341 1272 1151 1336 1238 1290 1048 1373 1135 1286 1148 1355 1275 1227 1110 1232 1170 1270 952 1208 1260 1203 1490 1154 1292 1196 1274 1238 1343 1230 1130 1226 1136 1167 1267 1278 1253 1266 1395 1285 1204 1165 1185 1283 1169 928 1379 1325 1155 1133 
1398 1550 1151 1436 1437 1566 1584 1651 1334 1310 1613 1423 1213 1352 1462 1555 1375 1487 1404 1612 1258 1431 1417 1295 1220 1539 1564 1494 1259 1560 1367 1410 1114 1384 1640 1219 1605 1284 1479 1377 1415 1552 1614 1345 1397 1382 1337 1378 1362 1470 1368 1544 1603 1385 1467 1387 1303 1646 1391 1300 1509 1562 1235 1412 
1323 1403 1131 1253 1453 1313 1459 1406 1169 1166 1517 1209 1179 1223 1348 1508 1308 1491 1260 1340 1112 1357 1311 1302 1227 1312 1362 1255 1100 1498 1274 1278 980 1406 1383 1291 1395 1207 1380 1209 1186 1367 1488 1223 1201 1279 1277 1307 1194 1395 1205 1358 1451 1392 1389 1316 1214 1575 1116 1189 1424 1454 1137 1131 
1282 1244 931 1254 1431 1269 1353 1338 1167 1092 1406 1088 1101 1094 1223 1428 1161 1377 1318 1475 1097 1305 1253 1214 1051 1327 1231 1347 1107 1336 1143 1207 973 1222 1317 1175 1269 1117 1282 1202 1071 1222 1452 1066 1179 1279 1067 1180 1146 1252 1204 1283 1400 1125 1208 1119 1101 1435 1055 999 1291 1305 1009 1068 
1403 1336 1070 1323 1392 1280 1363 1473 1187 1144 1597 1183 1145 1327 1422 1392 1124 1400 1380 1498 1176 1436 1271 1308 1136 1394 1315 1421 1167 1431 1280 1267 1104 1223 1461 1181 1504 1207 1433 1321 1235 1415 1553 1429 1262 1246 1334 1356 1281 1421 1411 1377 1503 1282 1227 1264 1230 1396 1117 1139 1535 1470 1165 1226 
1668 1667 1264 1528 1459 1548 1594 1657 1428 1308 1685 1441 1312 1448 1593 1435 1192 1504 1402 1608 1322 1471 1410 1438 1306 1486 1552 1553 1267 1668 1379 1463 1123 1388 1604 1344 1624 1375 1499 1499 1398 1476 1702 1493 1267 1432 1509 1508 1359 1588 1401 1555 1553 1516 1523 1522 1367 1471 1291 1356 1615 1557 1241 1419 
1471 1519 1242 1493 1398 1652 1633 1616 1404 1239 1817 1233 1342 1432 1533 1526 1393 1548 1410 1658 1180 1455 1401 1306 1241 1420 1411 1451 1249 1469 1349 1348 1197 1407 1594 1321 1641 1256 1613 1343 1373 1373 1588 1554 1511 1360 1471 1445 1437 1569 1460 1486 1561 1427 1420 1326 1415 1492 1200 1312 1423 1585 1232 1426 
1649 1539 1365 1648 1606 1635 1773 1680 1422 1415 1699 1432 1544 1449 1605 1639 1531 1710 1431 1680 1362 1624 1563 1419 1409 1745 1618 1506 1406 1645 1588 1616 1250 1564 1715 1497 1859 1363 1572 1501 1384 1579 1671 1440 1502 1543 1466 1492 1588 1539 1700 1713 1795 1656 1605 1405 1453 1683 1345 1312 1658 1587 1426 1520 
1279 1285 1015 1176 1086 1119 1147 1256 1166 1134 1354 1192 1131 950 1307 1299 1058 1316 1110 1248 966 1192 1156 1245 1100 1072 1153 1195 977 1294 1101 1006 978 1125 1368 1109 1125 1100 1184 1067 1152 1223 1351 1123 1121 1210 1243 1201 1088 1203 1072 1312 1212 1264 1075 964 942 1252 1054 985 1268 1112 1065 1094 
1266 1365 1169 1282 1248 1394 1398 1631 1320 1224 1486 1270 1099 1276 1361 1387 1293 1548 1246 1469 1101 1245 1395 1184 1339 1306 1262 1459 1255 1395 1135 1173 1164 1243 1514 1238 1434 1160 1372 1264 1213 1299 1384 1264 1189 1239 1333 1260 1235 1419 1327 1378 1438 1274 1284 1224 1147 1336 1291 1000 1298 1444 1182 1312 
1528 1471 1357 1500 1387 1439 1662 1669 1361 1348 1612 1335 1219 1365 1657 1419 1277 1629 1392 1499 1322 1510 1465 1285 1377 1582 1469 1418 1317 1601 1508 1470 1056 1439 1455 1321 1661 1336 1562 1421 1425 1384 1630 1435 1281 1406 1470 1485 1329 1455 1458 1595 1561 1428 1513 1222 1343 1490 1459 1196 1513 1553 1276 1306 
1252 1397 1015 1380 1194 1266 1320 1436 1169 1168 1430 1022 1004 1293 1357 1301 1108 1374 1230 1374 1043 1323 1101 1233 1182 1285 1327 1264 1185 1332 1115 1274 961 1120 1360 1136 1397 1079 1321 1209 1266 1245 1321 1172 1170 1095 1239 1317 1261 1353 1180 1352 1400 1290 1350 1192 985 1335 1109 1220 1381 1425 1126 1201 
1286 1268 1119 1333 1073 1255 1305 1265 1139 1045 1282 1192 1043 1084 1200 1190 1095 1233 1020 1214 1048 1209 1174 1062 1143 1157 1168 1139 1044 1314 1246 1259 904 1096 1243 1184 1310 1079 1149 1246 1042 1192 1330 1256 1006 1224 1173 1107 1181 1274 1201 1244 1363 1238 1201 1194 1088 1190 1146 1008 1259 1104 1014 1099 
1320 1139 1079 1295 1254 1235 1377 1338 1144 1122 1389 1129 1101 1212 1295 1329 1178 1324 1097 1329 1063 1315 1192 1057 1099 1254 1242 1246 1082 1259 1146 1126 934 1222 1387 1255 1365 1089 1263 1139 1064 1184 1387 1223 1158 1153 1103 1168 1124 1321 1261 1305 1382 1264 1170 1010 1128 1197 1000 1020 1217 1374 1157 1109 
1303 1267 1150 1464 1307 1263 1470 1365 1142 1149 1486 1153 1123 1190 1314 1299 1117 1420 1300 1362 1083 1212 1186 1255 1187 1274 1405 1218 1102 1492 1261 1200 988 1245 1324 1081 1365 1249 1228 1166 1284 1312 1499 1267 1212 1319 1286 1201 1193 1333 1363 1393 1435 1273 1285 1100 1096 1453 1105 1193 1338 1391 1187 1154 
1467 1441 1221 1373 1327 1448 1568 1550 1296 1314 1514 1378 1261 1308 1523 1413 1389 1521 1427 1461 1227 1375 1418 1255 1388 1430 1423 1391 1184 1446 1295 1452 1185 1391 1401 1328 1584 1306 1442 1396 1170 1365 1408 1268 1282 1307 1279 1379 1249 1468 1425 1471 1385 1428 1348 1149 1167 1363 1146 1171 1452 1512 1164 1327 
1370 1472 1061 1413 1430 1321 1473 1489 1271 1236 1619 1266 1177 1276 1477 1493 1313 1450 1317 1542 1233 1378 1347 1345 1173 1318 1443 1406 1165 1454 1346 1335 1048 1294 1489 1263 1532 1233 1557 1434 1379 1464 1479 1350 1310 1426 1402 1551 1357 1442 1237 1399 1539 1361 1376 1379 1258 1457 1088 1259 1371 1576 1230 1263 
1561 1634 1226 1589 1613 1563 1721 1675 1354 1376 1668 1437 1440 1371 1602 1569 1354 1652 1387 1661 1297 1583 1366 1576 1382 1667 1578 1512 1344 1665 1404 1510 1196 1411 1637 1443 1571 1339 1663 1382 1499 1458 1521 1484 1323 1451 1564 1374 1487 1671 1456 1649 1609 1497 1530 1470 1387 1721 1407 1227 1523 1634 1304 1431 
1273 1425 1141 1304 1280 1339 1411 1387 1214 1183 1510 1159 1153 1182 1522 1376 1126 1471 1288 1424 999 1234 1246 1186 1177 1348 1321 1231 1057 1415 1197 1124 979 1276 1432 1138 1531 1194 1387 1279 1343 1259 1475 1241 1200 1095 1263 1364 1157 1358 1190 1296 1434 1350 1364 1220 1190 1379 1138 1154 1353 1413 1204 1269 
1409 1310 1208 1354 1311 1431 1504 1345 1272 1283 1479 1156 1185 1266 1388 1299 1144 1397 1267 1365 1225 1317 1325 1126 1234 1230 1332 1245 1149 1439 1234 1324 1051 1243 1284 1190 1327 1145 1284 1322 1221 1060 1380 1200 1121 1247 1259 1291 1085 1360 1320 1477 1337 1343 1361 1223 1195 1353 1208 1082 1250 1407 1363 1204 
1568 1597 1337 1581 1380 1437 1624 1785 1461 1374 1740 1385 1251 1337 1711 1532 1471 1706 1543 1696 1325 1441 1557 1496 1477 1548 1405 1581 1260 1652 1386 1476 1253 1542 1606 1353 1760 1343 1537 1493 1374 1546 1673 1444 1388 1421 1501 1559 1383 1575 1620 1515 1686 1410 1566 1428 1346 1523 1324 1314 1505 1841 1446 1405 
1608 1409 1273 1465 1457 1436 1626 1554 1351 1230 1603 1281 1254 1439 1602 1361 1122 1512 1403 1583 1251 1493 1404 1423 1203 1461 1410 1493 1328 1554 1279 1313 1204 1327 1507 1251 1590 1298 1540 1384 1195 1327 1703 1413 1341 1458 1429 1397 1306 1402 1501 1418 1510 1404 1447 1295 1302 1481 1165 1256 1568 1553 1333 1301 
1151 1081 962 1319 1024 1300 1414 1286 1001 1039 1272 1109 920 1156 1182 1342 1071 1244 1077 1266 1022 1222 1161 1069 990 1236 1215 1165 1089 1219 1228 1109 834 1126 1296 1102 1282 1047 1167 1129 1047 1150 1171 1097 1157 1118 1107 1097 1070 1187 1122 1244 1337 1135 1254 1054 1066 1277 1020 944 1322 1372 1025 1093 
1303 1359 1013 1156 1177 1245 1263 1463 1258 1259 1391 1179 1082 1267 1419 1293 1237 1271 1062 1333 1084 1217 1209 1145 1096 1260 1345 1288 1100 1328 1164 1180 1036 1153 1344 1138 1315 1102 1420 1139 1270 1261 1402 1232 1164 1241 1287 1327 1003 1330 1245 1215 1298 1174 1317 1082 1072 1301 1269 1069 1408 1335 1083 1158 
1494 1340 1131 1317 1339 1282 1548 1444 1273 1227 1583 1231 1151 1349 1499 1435 1334 1451 1309 1497 1193 1369 1230 1333 1179 1435 1319 1295 1124 1538 1328 1330 1035 1275 1325 1230 1628 1385 1525 1321 1271 1329 1592 1290 1199 1373 1312 1305 1346 1359 1342 1331 1455 1285 1417 1262 1275 1347 1126 1159 1355 1541 1007 1218 
1405 1240 976 1254 1427 1192 1286 1354 1156 1077 1454 1149 1136 1115 1355 1360 1087 1327 1298 1304 1118 1306 1083 1345 1066 1346 1136 1240 1097 1250 1164 1234 1049 1255 1285 1139 1412 977 1259 1220 1197 1196 1368 1274 1336 1156 1346 1224 1056 1180 1271 1225 1417 1258 1251 1175 1200 1223 1160 1058 1483 1432 1190 1143 
1286 1264 1120 1430 1286 1339 1391 1411 1232 1191 1461 1175 1048 1152 1364 1364 1278 1413 1212 1376 1077 1178 1311 1055 1120 1333 1345 1296 1125 1219 1203 1330 899 1128 1335 1157 1428 1141 1389 1298 1114 1260 1345 1166 1106 1349 1088 1320 1199 1280 1183 1244 1390 1346 1291 1217 1159 1288 1046 1103 1228 1375 1184 1217 
1323 1325 1057 1278 1266 1355 1381 1447 1185 1179 1403 1186 1157 1239 1426 1357 1324 1405 1267 1507 1031 1363 1272 1231 1092 1344 1307 1303 1105 1473 1230 1266 1101 1226 1522 1210 1439 1303 1337 1171 1099 1308 1467 1198 1234 1238 1316 1173 1232 1198 1388 1204 1389 1280 1388 1200 1072 1356 1043 1078 1450 1272 1105 1310 
1461 1397 1200 1350 1381 1384 1501 1674 1279 1348 1630 1246 1216 1301 1599 1517 1331 1557 1361 1572 1264 1470 1316 1479 1245 1432 1376 1467 1210 1536 1380 1302 1212 1337 1584 1331 1517 1231 1520 1255 1345 1551 1524 1383 1368 1342 1522 1412 1312 1485 1431 1470 1524 1413 1435 1189 1267 1398 1221 1228 1439 1669 1236 1330 
1477 1631 1253 1501 1528 1539 1551 1750 1287 1297 1760 1351 1396 1521 1589 1547 1371 1597 1329 1612 1193 1540 1370 1516 1342 1529 1348 1451 1361 1587 1297 1439 1187 1467 1512 1500 1726 1302 1503 1293 1381 1450 1540 1400 1304 1391 1485 1385 1391 1536 1518 1504 1581 1432 1440 1457 1358 1527 1388 1291 1536 1644 1280 1403 
1532 1604 1267 1538 1579 1539 1593 1717 1374 1508 1700 1415 1269 1456 1524 1561 1454 1684 1387 1630 1325 1465 1488 1403 1313 1550 1559 1537 1386 1646 1446 1555 1256 1341 1641 1393 1678 1356 1631 1471 1389 1534 1742 1389 1341 1515 1443 1459 1420 1473 1492 1499 1658 1473 1476 1431 1452 1449 1352 1245 1573 1622 1404 1494 
1268 1156 979 1249 1155 1322 1404 1492 1190 1141 1495 998 973 1216 1252 1315 1272 1540 1234 1360 1031 1219 1153 1148 1052 1251 1176 1217 1072 1198 1085 1181 1050 1130 1321 1212 1378 1194 1197 1155 1134 1288 1308 1189 1228 1157 1172 1239 1204 1276 1286 1193 1424 1246 1174 1027 1100 1238 1057 973 1292 1201 1034 1154 
1381 1358 936 1130 1386 1182 1187 1408 1112 1192 1498 1135 1178 1140 1353 1330 1220 1351 1193 1433 1073 1355 1039 1257 1061 1338 1199 1228 1017 1252 1074 1266 1053 1144 1317 1200 1418 1085 1324 1123 1214 1237 1298 1141 1246 1114 1182 1155 1183 1265 1291 1319 1352 1214 1221 1162 1121 1297 1121 1043 1314 1340 1041 1213 
1356 1361 1139 1345 1434 1378 1372 1461 1218 1157 1481 1110 1271 1441 1400 1348 1299 1498 1160 1531 954 1391 1362 1281 1208 1331 1251 1269 1276 1381 1152 1256 1068 1275 1428 1291 1524 1295 1390 1293 1156 1311 1498 1214 1193 1165 1188 1279 1265 1340 1333 1384 1463 1363 1290 1225 1192 1272 1066 1170 1392 1366 1218 1302 
1404 1436 917 1266 1294 1259 1385 1504 1231 1087 1454 1184 1201 1229 1352 1341 1209 1455 1251 1340 1177 1396 1158 1333 1101 1504 1200 1194 1197 1300 1123 1281 1095 1257 1380 1216 1492 1102 1391 1257 1275 1312 1366 1189 1241 1161 1266 1333 1230 1350 1300 1331 1463 1237 1324 1243 1262 1346 1176 1187 1471 1327 1102 1166 
1561 1531 1290 1581 1512 1525 1706 1558 1474 1462 1719 1308 1418 1414 1574 1565 1469 1675 1428 1679 1209 1532 1444 1462 1299 1527 1586 1535 1377 1639 1476 1461 1112 1367 1625 1300 1669 1507 1652 1366 1360 1423 1769 1458 1466 1482 1425 1288 1573 1590 1508 1595 1588 1551 1563 1240 1320 1650 1226 1283 1380 1597 1285 1459 
1260 1252 1015 1176 1220 1176 1376 1307 1171 1067 1389 1109 997 1172 1219 1189 1098 1291 1140 1309 1057 1176 1169 1125 1050 1224 1256 1251 966 1234 1171 1180 1042 1147 1310 1077 1303 1123 1292 1251 1078 1298 1303 1212 1236 1250 1186 1213 1071 1211 1193 1280 1325 1266 1287 1157 1087 1337 922 1145 1209 1324 1100 1122 
1163 1188 993 1183 1244 1149 1177 1330 1114 1081 1342 1067 962 1035 1231 1199 1063 1242 1122 1270 1018 1165 1272 1209 966 1239 1208 1279 1031 1234 1063 1180 953 1185 1237 1093 1281 995 1368 1124 952 1195 1237 1050 1108 1197 1150 1188 975 1186 1087 1131 1282 1178 1135 1058 1117 1274 905 849 1196 1288 1106 1017 
1531 1398 1228 1239 1466 1314 1587 1543 1275 1371 1590 1227 1273 1416 1541 1482 1343 1553 1295 1570 1212 1398 1420 1282 1296 1561 1505 1347 1179 1581 1371 1367 1223 1389 1535 1321 1635 1378 1500 1295 1211 1356 1550 1375 1290 1404 1356 1369 1341 1385 1487 1437 1501 1373 1402 1267 1259 1490 1145 1131 1417 1523 1199 1368 
1278 1291 1098 1321 1109 1454 1438 1450 1121 1180 1526 1251 1135 1302 1447 1305 1248 1343 1273 1367 1132 1285 1219 1188 1198 1316 1327 1223 1118 1440 1178 1221 999 1321 1328 1163 1455 1167 1341 1118 1317 1294 1413 1210 1208 1209 1173 1205 1171 1294 1292 1298 1383 1255 1406 1164 1150 1328 1179 1096 1447 1415 1101 1177 
1576 1439 1275 1592 1648 1547 1787 1720 1334 1357 1795 1441 1275 1529 1616 1681 1437 1722 1494 1737 1413 1520 1583 1375 1348 1667 1580 1541 1387 1754 1478 1333 1411 1458 1774 1437 1657 1422 1626 1489 1405 1565 1756 1545 1444 1607 1571 1542 1420 1486 1580 1579 1742 1414 1430 1409 1406 1587 1228 1280 1593 1749 1443 1437 
1590 1537 1159 1366 1378 1594 1681 1714 1348 1388 1651 1375 1215 1408 1609 1492 1349 1598 1427 1625 1229 1575 1426 1303 1376 1464 1523 1497 1274 1646 1114 1346 1228 1398 1666 1338 1586 1464 1514 1432 1346 1323 1626 1489 1326 1415 1319 1389 1330 1456 1435 1479 1462 1368 1526 1338 1199 1451 1240 1305 1487 1641 1100 1387 
1297 1177 925 1202 1263 1237 1336 1302 1015 1108 1296 1036 1024 1089 1201 1227 1148 1271 1059 1312 1063 1146 1222 1087 966 1111 1136 1172 1049 1316 1056 1102 1048 1087 1259 1086 1175 999 1101 1113 1016 1141 1368 1163 1137 1126 1141 1103 1027 1103 1182 1267 1275 1086 1120 1048 974 1257 962 1073 1257 1324 1091 1101 
1266 1224 1013 1224 1215 1194 1418 1355 1106 1143 1415 1173 956 1251 1341 1195 1106 1308 1260 1374 1077 1259 1109 1230 1136 1284 1321 1301 1057 1282 1186 1207 923 1166 1232 1068 1470 1150 1421 1079 1242 1276 1372 1127 1131 1296 1217 1229 1215 1204 1229 1256 1399 1155 1307 1162 1106 1334 1104 1018 1354 1370 1060 1034 
1619 1672 1296 1459 1476 1727 1718 1740 1428 1509 1742 1548 1447 1436 1768 1497 1491 1692 1562 1642 1279 1618 1465 1496 1399 1588 1652 1405 1354 1644 1360 1562 1295 1497 1659 1394 1703 1494 1715 1446 1547 1554 1650 1344 1446 1373 1491 1466 1336 1590 1452 1670 1632 1641 1604 1364 1310 1594 1393 1196 1680 1505 1339 1545 
1534 1242 1321 1537 1469 1398 1592 1576 1432 1247 1663 1338 1242 1263 1418 1454 1335 1544 1330 1499 1300 1339 1387 1261 1217 1390 1405 1382 1219 1563 1338 1388 1116 1272 1484 1255 1347 1258 1441 1344 1223 1399 1628 1452 1320 1498 1489 1330 1290 1397 1429 1478 1409 1427 1400 1122 1328 1535 1163 1207 1462 1480 1290 1265 
1417 1376 1132 1381 1319 1254 1449 1488 1397 1272 1367 1264 1137 1204 1429 1360 1265 1534 1349 1440 1226 1298 1290 1246 1274 1382 1307 1451 1268 1418 1257 1330 1084 1291 1396 1177 1384 1137 1428 1291 1273 1106 1469 1211 1243 1207 1231 1283 1250 1409 1302 1427 1370 1379 1399 1127 1139 1391 1348 1119 1459 1439 1215 1247 
1442 1470 1221 1484 1351 1488 1521 1515 1309 1190 1676 1346 1253 1397 1534 1317 1358 1398 1268 1593 1177 1465 1380 1379 1249 1378 1409 1402 1185 1454 1418 1470 1141 1324 1486 1211 1554 1222 1473 1359 1240 1517 1529 1471 1365 1383 1517 1360 1359 1455 1436 1525 1551 1448 1444 1353 1184 1516 1213 1229 1576 1405 1287 1326 
1419 1366 1081 1364 1357 1315 1430 1500 1270 1209 1560 1275 1134 1205 1354 1419 1270 1491 1327 1442 1114 1417 1339 1294 1149 1437 1414 1375 1244 1456 1388 1294 951 1374 1536 1327 1440 1297 1413 1183 1154 1304 1540 1245 1251 1464 1271 1244 1263 1373 1350 1318 1538 1348 1322 1201 1207 1499 1197 1143 1349 1353 1154 1118 
1224 1223 1062 1148 1110 1295 1302 1365 1087 1227 1385 1119 1045 1250 1313 1180 1073 1304 1252 1295 1040 1280 1168 1145 1105 1058 1135 1114 991 1245 1105 1243 1047 1230 1316 1168 1318 1069 1135 1117 1078 1172 1259 1161 1106 1022 1253 1111 1025 1211 1170 1258 1332 1217 1236 1139 1056 1211 1098 1049 1308 1285 1193 1190 
1247 1315 989 1280 1178 1333 1430 1452 1080 1113 1449 1058 896 1142 1372 1372 1082 1395 1284 1335 1143 1328 1188 1249 1055 1317 1232 1182 1059 1241 1078 1204 1008 1263 1261 1222 1303 1078 1323 1131 1145 1316 1312 1088 1188 1245 1068 1211 996 1263 1155 1325 1476 1097 1262 1137 1152 1423 1132 1079 1316 1352 1091 970 
1402 1254 1020 1259 1265 1263 1404 1465 1248 1052 1490 1219 1164 1267 1396 1262 1177 1369 1096 1376 1080 1263 1250 1160 1203 1315 1102 1253 1013 1323 981 1168 1037 1158 1301 1177 1452 1156 1252 1333 1173 1260 1433 1305 1091 1152 1226 1223 1182 1318 1346 1235 1378 1213 1350 1283 1104 1339 1126 1171 1335 1365 1113 1214 
1279 1310 1022 1186 1206 1233 1258 1328 1179 1072 1368 1055 1146 1172 1198 1231 1222 1265 984 1359 899 1217 1257 1057 1071 1212 1247 1176 1049 1210 1099 1187 914 1050 1354 1167 1339 1146 1233 1216 1053 1208 1231 1089 1099 1079 1157 1081 1115 1280 1195 1320 1252 1218 1189 1005 991 1240 1041 1057 1186 1174 990 1177 
