15 0 0 99 0 0 0 0 15 12 0 0 0 0 0 0 0 25 12 66 0 6 0 9 10 74 0 0 41 0 0 24 39 0 0 0 0 48 3 15 0 6 35 0 21 35 0 0 0 24 77 0 0 0 0 36 54 0 0 18 52 3 29 0 
25 0 0 0 72 0 12 10 24 34 42 59 0 0 8 46 0 0 0 27 28 2 0 51 0 35 0 0 8 12 74 40 0 7 44 0 0 0 5 25 59 28 22 0 24 0 12 6 0 16 0 10 0 0 21 0 42 0 0 30 34 47 22 18 
15 0 16 0 0 0 0 0 0 0 24 0 0 0 0 49 3 0 0 0 49 0 0 9 0 21 0 0 0 0 56 24 0 0 0 0 0 0 3 15 0 6 28 0 48 0 0 0 0 0 0 0 8 0 0 0 0 0 0 18 20 3 9 0 
30 0 0 63 0 0 38 0 4 0 0 0 0 0 0 0 0 30 6 0 3 0 0 7 12 0 32 0 0 30 4 0 2 0 0 18 6 0 24 0 11 5 42 0 0 42 0 0 0 40 48 25 10 21 0 0 0 0 0 0 50 0 24 0 
49 0 0 18 0 0 0 0 36 0 0 0 5 0 0 0 0 10 0 9 7 0 20 0 4 10 63 0 0 0 45 0 15 0 0 0 0 45 56 0 0 18 14 0 10 14 0 0 0 0 16 0 0 49 27 0 0 35 0 0 75 0 8 45 
0 0 0 0 63 15 36 0 21 1 0 4 0 89 35 0 0 0 0 22 105 0 0 0 0 0 0 30 48 36 0 0 0 1 5 0 0 20 0 0 41 77 0 0 0 0 0 0 0 48 0 30 0 0 63 0 0 0 0 0 16 0 1 20 
0 16 0 0 0 0 0 0 0 12 0 45 8 63 0 0 30 0 14 0 28 0 12 0 0 16 0 35 0 0 27 18 9 0 0 0 0 0 15 0 20 2 0 0 6 0 0 0 0 0 0 0 4 0 66 0 0 25 0 0 0 0 0 0 
2 0 0 0 0 49 4 0 0 0 12 4 0 18 30 0 32 0 0 26 20 20 0 0 78 0 0 14 0 0 0 32 0 0 0 0 63 0 81 0 0 8 0 0 4 0 12 24 32 0 0 35 0 14 24 0 0 0 91 0 25 16 8 0 
0 0 0 0 0 0 60 35 12 0 0 35 0 0 28 0 0 0 18 0 0 7 0 0 0 0 0 0 0 36 0 0 0 0 0 54 18 0 0 0 24 62 21 0 0 0 0 0 0 48 0 30 30 0 0 0 0 0 0 0 69 0 0 0 
0 0 0 0 0 28 0 0 1 0 0 0 0 7 7 0 0 0 0 0 0 0 0 0 79 0 0 0 0 0 0 0 0 0 0 0 35 0 45 0 17 0 0 0 0 0 0 0 0 28 0 0 0 0 0 0 0 0 40 0 0 0 0 0 
66 72 0 0 0 0 6 0 0 36 43 15 0 0 27 0 72 0 42 0 23 0 63 6 0 0 99 0 0 0 7 54 16 0 0 0 0 72 72 0 0 6 0 0 42 0 0 1 0 0 0 48 42 63 30 0 7 12 38 0 87 9 0 39 
63 0 0 8 0 6 8 5 0 0 18 0 4 0 0 0 0 8 0 9 35 16 0 0 9 0 91 6 5 0 0 2 72 0 0 30 0 6 72 0 0 0 2 0 56 0 0 0 0 0 0 0 0 84 0 21 9 0 0 0 81 0 12 2 
9 0 0 0 0 0 18 0 0 30 0 18 0 42 0 0 7 0 0 40 0 0 0 0 0 0 0 0 0 0 0 0 24 0 0 54 0 0 0 0 0 40 0 0 32 72 54 0 0 0 0 0 48 0 0 63 27 0 63 54 99 0 0 48 
27 30 0 0 0 26 0 27 18 16 24 6 29 14 6 0 48 0 14 36 64 8 42 0 61 34 30 8 29 4 0 34 4 44 12 0 16 78 0 0 0 2 0 0 0 45 2 0 40 0 4 18 4 28 10 5 12 4 16 0 0 10 16 8 
24 0 36 0 0 0 16 0 13 3 96 0 0 0 0 0 0 0 12 0 8 0 0 36 0 0 0 0 0 0 42 0 0 36 0 36 12 0 0 0 16 0 0 4 0 54 0 6 48 0 0 0 42 0 0 0 42 0 0 0 45 54 0 18 
24 0 0 0 0 0 0 0 0 0 0 0 0 0 0 0 8 0 0 0 0 0 0 0 0 0 0 0 0 0 0 0 0 36 0 0 0 0 0 0 0 0 0 0 16 54 0 0 48 0 0 0 0 0 0 0 0 0 0 0 0 12 0 0 
35 37 0 0 45 27 8 0 25 17 0 0 0 28 0 0 0 0 20 57 5 3 0 0 24 49 45 0 47 0 0 18 0 0 0 18 6 0 40 0 23 2 0 0 0 0 9 0 0 0 7 0 14 35 10 0 0 4 0 9 35 0 0 0 
0 12 0 0 0 0 16 0 8 0 0 0 0 27 0 0 72 0 12 45 12 45 0 0 70 0 0 15 0 0 12 72 0 0 0 52 12 0 0 0 16 18 0 0 0 36 27 54 72 0 0 0 28 0 42 0 0 12 0 0 0 36 0 0 
1 41 0 0 63 0 2 10 32 67 7 58 11 0 0 24 0 0 28 57 16 0 12 6 30 6 0 0 10 0 43 40 24 7 47 12 0 12 0 0 56 29 0 0 8 72 16 1 0 0 0 0 44 0 41 0 7 38 7 0 19 7 7 33 
16 36 0 72 0 36 0 0 5 3 12 0 0 28 0 0 0 0 16 0 15 4 0 0 32 24 0 0 48 0 0 0 24 24 0 0 0 64 0 0 0 0 0 4 12 36 0 0 32 0 0 0 14 0 0 48 72 0 7 0 0 9 0 12 
42 44 0 0 0 0 5 0 21 47 18 0 0 28 0 0 0 0 28 51 6 0 0 0 0 49 55 0 7 0 0 36 0 0 0 0 0 2 48 0 0 4 0 0 18 0 36 7 0 42 15 3 23 42 22 0 0 14 0 36 50 30 63 18 
0 0 0 0 0 0 0 2 0 4 0 0 0 0 0 0 0 0 0 0 45 6 0 0 0 6 18 0 0 4 0 6 0 14 12 0 16 0 0 0 0 35 0 0 0 0 2 0 0 0 0 0 0 0 0 0 12 0 16 0 0 0 0 8 
36 0 0 40 0 0 24 0 0 15 0 16 0 21 2 0 32 8 0 20 4 20 0 0 24 0 58 0 20 0 0 40 0 38 0 12 46 0 48 8 0 8 2 6 16 0 43 24 32 0 2 0 20 28 24 0 0 0 56 27 76 16 0 2 
56 8 0 0 54 0 0 0 83 33 0 24 72 0 0 0 0 0 7 0 56 0 0 0 0 0 0 0 0 0 0 9 32 6 30 6 0 0 0 0 48 1 0 28 0 0 0 0 0 18 0 0 30 0 23 47 3 2 0 0 18 15 33 0 
24 24 0 0 36 0 0 0 0 3 18 12 12 0 2 0 0 0 0 0 0 2 0 0 32 0 0 0 0 0 24 0 9 53 15 32 18 0 0 0 24 0 0 6 7 126 0 0 48 6 2 0 16 0 9 0 0 24 0 21 33 17 12 0 
25 0 0 0 18 0 0 40 0 0 36 0 56 0 0 0 9 0 0 5 64 5 0 15 78 35 0 0 40 0 0 64 0 0 0 0 0 48 5 25 0 12 0 0 2 0 3 6 8 0 0 0 0 0 2 0 0 0 0 72 54 9 15 0 
0 7 16 0 12 9 28 0 8 21 0 7 7 35 5 6 0 0 0 8 0 1 28 0 8 14 0 0 0 0 63 0 21 35 3 0 45 0 0 0 0 0 0 15 14 0 4 0 0 42 5 16 36 0 0 0 16 49 0 0 0 35 91 0 
54 24 0 54 0 0 0 0 0 0 36 0 0 0 0 0 0 0 0 0 83 0 0 42 0 0 30 0 0 0 24 0 76 0 0 0 0 0 0 0 18 21 0 0 36 0 0 0 0 0 0 0 30 0 0 0 0 0 56 0 0 8 0 36 
0 0 15 0 81 0 0 1 1 0 1 0 0 27 0 0 0 0 0 27 8 12 0 0 0 0 0 10 72 0 0 0 54 0 6 42 0 0 0 0 36 0 0 0 42 0 0 0 0 0 0 0 0 0 18 54 21 1 0 1 50 0 0 0 
36 0 0 36 24 0 0 7 24 41 48 21 32 0 5 46 0 0 0 24 28 21 0 28 0 21 83 0 0 14 48 21 8 84 51 0 101 0 0 0 12 0 16 15 24 0 19 0 0 0 5 0 0 0 0 0 42 0 56 56 72 0 0 28 
0 0 36 0 0 0 27 18 32 36 54 28 0 0 30 24 64 0 0 72 0 44 0 0 48 0 0 0 0 0 0 64 18 0 12 0 0 0 0 0 0 16 0 0 18 72 85 48 91 0 0 35 90 0 16 0 9 0 5 0 60 32 4 0 
0 0 0 0 0 40 0 0 32 0 12 56 29 70 56 0 0 0 0 24 12 0 4 0 0 2 4 16 0 0 9 0 3 0 0 0 0 10 0 0 24 4 0 0 2 0 0 0 0 54 0 21 0 14 6 0 8 7 0 0 39 45 89 10 
28 47 16 0 40 45 0 45 46 31 67 45 77 49 30 30 30 0 0 87 72 5 0 0 121 38 0 0 49 0 0 18 16 0 0 0 0 54 15 0 20 0 0 0 18 0 18 0 0 72 60 35 23 0 0 20 0 0 5 18 91 0 0 18 
0 0 0 0 0 16 0 2 0 4 48 27 3 0 0 0 18 0 0 24 48 6 0 0 0 12 18 16 0 4 0 6 0 14 12 0 16 3 9 0 12 9 0 0 0 27 2 0 0 0 0 0 0 56 0 0 18 27 16 0 0 0 32 8 
0 0 0 36 45 0 0 0 0 5 0 20 0 0 0 0 0 20 0 0 0 0 0 0 8 0 0 0 0 0 0 0 0 5 25 0 0 0 0 0 40 0 28 0 0 28 0 0 0 0 32 0 0 0 15 0 0 0 0 0 26 0 21 0 
35 27 0 0 0 27 0 15 9 0 0 15 5 63 75 0 0 0 0 0 41 3 20 0 36 10 45 0 0 0 72 0 15 36 0 36 0 0 40 0 51 24 9 0 10 81 0 0 0 0 0 0 18 35 0 0 20 62 0 0 62 0 0 0 
0 0 0 0 27 39 0 30 46 0 0 0 24 56 56 28 0 0 0 65 130 0 0 0 103 42 5 15 60 0 32 12 0 54 0 0 0 36 0 0 83 0 16 0 24 0 0 0 0 28 6 0 0 0 0 0 40 0 0 0 0 0 0 0 
0 32 0 0 21 18 0 9 88 114 42 88 44 8 36 97 0 0 28 103 49 27 0 0 0 27 87 18 0 18 56 63 9 63 78 0 72 0 0 0 0 19 28 0 42 27 41 0 0 0 0 54 26 0 20 0 66 8 78 49 101 0 0 54 
24 72 0 0 18 12 0 2 0 100 0 75 5 0 42 0 30 0 63 6 0 6 0 0 0 16 18 0 16 4 0 87 6 14 12 0 16 0 15 0 26 9 0 0 0 0 2 0 0 0 0 0 18 0 45 0 12 18 16 6 0 0 48 8 
20 0 56 0 56 0 0 0 18 0 87 8 0 0 62 42 64 0 0 0 0 16 56 12 0 28 16 0 0 0 0 32 72 0 0 0 0 64 4 20 36 8 0 0 56 0 0 0 0 42 0 87 16 0 0 20 0 4 9 24 67 4 12 0 
27 0 54 27 0 0 4 0 11 0 9 48 33 12 0 0 0 0 3 0 0 0 36 21 0 18 15 0 0 0 93 0 33 0 0 9 3 0 0 0 94 0 0 0 18 0 0 0 0 0 0 18 5 0 0 45 0 72 0 0 30 0 0 0 
0 0 0 0 0 0 0 0 0 0 0 45 5 0 0 0 30 0 0 0 35 0 0 0 0 10 0 0 0 0 0 0 40 0 0 0 0 0 15 0 20 0 0 0 0 0 0 0 0 54 0 0 0 0 0 0 0 0 35 0 0 50 81 0 
62 3 36 62 27 30 63 6 10 101 36 40 3 63 56 0 32 30 4 38 52 52 12 18 48 66 57 12 5 12 30 100 80 48 36 4 55 16 10 32 0 44 42 8 55 123 19 24 32 0 48 36 96 42 12 0 88 96 48 44 26 22 193 24 
5 0 0 81 0 14 0 50 0 10 42 0 7 54 0 0 0 45 0 41 111 15 28 3 18 36 45 44 0 10 63 23 33 71 30 0 40 0 1 5 24 29 63 0 24 99 5 0 0 0 72 0 69 49 48 0 50 49 40 6 36 1 77 44 
0 0 0 0 0 0 25 6 0 12 0 0 0 0 0 0 0 0 0 0 0 18 0 0 0 18 59 0 0 12 0 18 0 42 36 0 48 10 0 0 0 0 0 0 0 0 6 35 0 0 0 15 0 0 10 0 36 30 48 0 0 0 45 24 
25 0 0 54 0 10 22 0 0 0 30 10 0 0 0 0 0 0 12 15 75 0 0 12 0 46 0 10 36 0 0 32 12 0 0 0 0 48 4 20 0 43 0 0 10 32 20 0 12 0 0 0 24 35 0 36 58 0 35 24 25 4 32 0 
81 0 0 0 0 26 0 0 27 63 0 117 8 45 63 0 48 0 16 54 20 0 0 27 32 142 0 25 9 0 0 72 9 0 0 0 0 32 33 45 32 18 0 0 0 0 0 0 0 0 9 0 0 0 40 0 0 0 0 63 0 9 99 0 
0 0 42 0 15 0 27 51 25 0 37 20 20 0 17 0 42 0 0 36 0 3 35 0 0 42 10 0 6 12 0 0 0 0 0 0 0 40 0 0 63 26 9 0 12 40 25 0 15 16 6 25 66 0 0 35 5 7 0 35 74 0 8 0 
0 8 0 40 12 0 0 0 0 0 36 40 36 10 0 0 0 0 0 0 0 0 0 0 0 0 15 0 25 0 0 10 0 30 0 0 35 0 20 10 0 0 0 0 12 0 5 0 0 0 0 15 35 0 20 0 0 0 0 28 71 0 0 12 
0 0 42 0 0 0 0 0 27 0 7 0 0 0 0 0 4 0 0 5 0 0 0 0 0 0 0 0 0 0 0 0 0 0 0 0 0 25 0 0 63 10 0 0 8 0 0 0 0 0 0 0 0 0 15 35 0 7 0 0 10 0 0 25 
42 28 0 81 0 0 0 0 24 35 42 0 0 49 0 0 0 0 12 48 0 0 0 30 0 95 15 0 44 0 12 24 18 0 0 0 0 56 3 15 9 30 0 0 42 72 63 0 0 0 8 0 35 0 0 36 70 72 0 81 0 3 9 42 
63 0 0 0 0 0 0 0 0 0 0 36 4 0 0 0 24 0 0 40 9 0 0 0 0 8 81 0 0 0 0 0 24 0 0 0 0 0 84 0 16 40 0 0 0 72 0 0 0 0 0 0 48 63 0 0 0 0 0 0 63 0 0 48 
94 0 0 108 0 0 47 35 0 27 0 0 28 0 0 0 0 30 0 81 56 0 0 66 75 56 37 0 35 0 24 78 12 0 0 0 0 56 8 40 18 16 42 0 0 74 20 49 12 54 120 21 24 0 14 0 4 42 0 48 96 8 111 0 
64 8 0 83 128 8 28 47 66 44 47 45 74 56 36 42 0 55 16 24 0 27 8 0 46 10 43 12 64 4 18 6 38 14 36 30 16 32 0 0 24 88 81 0 16 49 74 0 20 42 56 0 10 0 0 40 12 34 16 72 109 0 28 25 
31 0 0 0 54 2 49 0 0 13 0 51 0 0 18 0 64 0 0 0 0 0 56 0 0 0 23 0 0 0 0 0 1 57 30 54 27 78 0 0 48 0 0 9 14 45 0 49 40 0 3 45 0 0 32 63 27 42 49 1 101 10 77 0 
0 0 24 0 18 0 42 36 6 36 0 48 24 54 54 0 0 0 0 12 0 27 0 0 42 41 81 0 2 18 0 27 0 63 54 0 72 4 0 0 12 12 0 0 6 36 9 0 0 24 2 105 81 0 0 0 86 36 81 0 57 0 48 36 
112 0 0 64 0 42 0 2 32 82 0 58 0 0 42 31 6 0 0 32 16 6 0 51 36 41 123 0 40 4 40 62 6 78 24 0 114 0 163 41 0 10 4 0 18 0 26 0 0 0 0 0 40 95 32 0 48 28 80 36 79 5 63 8 
0 21 0 64 0 8 0 8 0 16 24 0 6 0 0 0 0 0 0 12 24 24 24 0 42 36 96 8 40 16 75 40 18 104 48 28 120 0 32 16 4 0 0 0 12 63 16 0 0 8 0 0 54 28 32 0 48 63 64 0 16 0 16 32 
15 0 0 0 18 45 0 0 32 1 18 31 16 0 0 0 18 0 0 8 72 0 4 9 54 29 0 0 0 0 9 24 3 1 5 36 63 40 93 15 20 78 0 0 2 0 0 0 0 0 0 0 0 0 27 42 18 7 72 39 81 3 10 40 
0 0 18 56 0 28 0 2 46 24 30 0 0 60 42 0 0 0 0 15 157 0 0 0 0 0 21 10 35 0 0 14 72 42 12 0 49 0 28 14 18 0 0 32 0 0 7 0 0 0 0 0 67 35 32 0 0 0 63 2 30 9 20 0 
0 32 95 0 75 12 28 73 46 37 72 28 24 91 0 0 0 0 0 16 96 0 0 0 54 0 4 12 30 0 0 12 0 7 77 0 0 36 0 0 56 0 0 24 56 0 0 0 0 0 0 16 144 0 35 0 24 0 0 7 90 0 43 48 
16 0 0 0 0 0 44 0 8 0 0 0 0 0 0 0 0 0 0 0 0 24 0 0 35 0 5 24 0 0 0 0 0 0 48 0 0 10 0 0 10 32 0 0 0 8 5 35 43 20 0 15 6 0 10 0 1 70 0 0 0 0 45 0 
16 15 0 0 0 4 16 35 0 14 0 66 0 0 47 0 40 0 0 0 0 7 35 0 20 0 10 0 0 0 15 0 2 0 0 38 0 40 0 0 0 56 21 0 16 45 0 0 0 48 0 15 10 0 0 21 9 15 56 2 121 40 88 0 
20 0 0 0 0 15 0 0 5 0 0 0 0 35 35 0 0 0 0 45 18 0 0 0 0 0 0 0 0 0 0 0 27 48 0 48 0 0 0 0 27 45 0 0 0 126 0 0 40 0 0 0 54 0 0 56 34 0 0 0 48 10 0 54 
