1479 1251 1285 1458 1457 1473 1376 1497 1173 1391 1473 1318 1424 1565 1673 1371 1670 1545 1569 1328 1344 1275 1680 1561 1521 1365 1390 1279 1386 1355 1518 1294 1547 1385 1553 1550 1446 1487 1477 1442 1563 1554 1440 1309 1305 1470 1506 1510 1417 1670 1446 1412 1250 1558 1450 1321 1251 1463 1457 1141 1391 1334 1376 1556 
1519 1292 1517 1271 1361 1421 1394 1500 1007 1350 1398 1359 1331 1394 1511 1332 1405 1319 1479 1407 1189 1238 1535 1547 1537 1200 1351 1331 1342 1352 1362 1338 1507 1342 1542 1382 1301 1302 1507 1359 1522 1505 1382 1288 1188 1433 1499 1379 1300 1560 1349 1573 1257 1429 1445 1379 1236 1451 1479 1161 1413 1063 1243 1410 
1405 1327 1234 1283 1256 1348 1279 1186 905 1251 1149 1191 1247 1293 1414 1305 1283 1237 1190 1329 1067 1280 1544 1296 1371 1025 1230 1220 1170 1108 1270 1144 1306 1181 1297 1167 1152 1253 1282 1220 1263 1407 1197 999 1108 1570 1238 1265 1179 1335 1118 1427 1003 1254 1095 1209 1175 1367 1387 994 1167 1140 1228 1319 
1449 1193 1247 1266 1394 1363 1316 1279 933 1242 1307 1268 1278 1161 1486 1347 1387 1287 1341 1263 1246 1245 1414 1395 1319 1162 1317 1284 1306 1173 1356 1135 1263 1203 1340 1405 1252 1316 1377 1328 1321 1312 1322 1087 1217 1477 1486 1345 1315 1379 1164 1360 1165 1330 1336 1229 1243 1399 1362 1214 1247 1173 1210 1246 
1295 1095 1116 1179 1203 1369 1177 1249 962 1186 1347 1182 1188 1282 1400 1222 1329 1217 1257 1277 1114 1133 1440 1205 1336 1083 1171 1211 1206 1098 1233 1144 1420 1131 1238 1268 1174 1133 1224 1220 1255 1382 1304 1232 1124 1296 1346 1389 1181 1299 1081 1257 1081 1146 1301 1160 1068 1165 1371 919 1186 1046 1249 1381 
1513 1307 1410 1184 1240 1384 1351 1382 1027 1377 1340 1227 1437 1254 1368 1311 1324 1249 1500 1190 1154 1181 1488 1370 1442 1192 1371 1103 1337 1323 1286 1224 1546 1123 1386 1333 1146 1385 1321 1213 1489 1498 1308 1105 1184 1311 1379 1433 1090 1491 1362 1323 1240 1345 1206 1200 1068 1262 1334 1152 1487 976 1242 1339 
1312 1007 1119 1058 1140 1180 1118 1096 811 1114 1057 1024 1159 1011 1204 1080 1079 1014 1214 1086 1063 1063 1243 1118 1288 1017 1192 1145 1190 1117 1108 968 1191 978 1231 1215 1006 1084 1213 1059 1193 1211 1093 933 996 1238 1207 1084 1091 1145 1076 1203 998 1156 1075 1165 963 1086 1167 999 1155 882 1016 1254 
1309 1194 1306 1172 1218 1313 1325 1160 871 1190 1234 1190 1278 1187 1390 1243 1200 1150 1223 1265 1054 1246 1478 1234 1348 1114 1328 1226 1287 1142 1286 1193 1357 1167 1259 1305 1148 1180 1399 1278 1219 1319 1228 1009 1160 1310 1356 1143 1096 1361 1090 1318 1125 1246 1140 1123 1154 1170 1287 1009 1302 932 1174 1226 
1461 1162 1252 1299 1342 1472 1363 1421 1107 1284 1345 1347 1478 1494 1575 1322 1526 1440 1438 1280 1192 1324 1505 1488 1598 1214 1406 1265 1393 1336 1334 1282 1438 1317 1509 1627 1312 1326 1502 1439 1377 1382 1339 1254 1149 1476 1529 1498 1378 1538 1330 1491 1187 1347 1447 1371 1153 1372 1555 1074 1419 1179 1352 1407 
1045 845 1027 879 942 1059 990 960 608 938 1031 933 937 804 1153 895 997 865 974 1036 814 921 1086 985 999 882 934 838 991 841 951 850 962 970 1029 1003 954 944 1016 954 959 951 1031 897 826 1100 1008 859 978 1056 872 980 859 919 1095 915 921 968 1027 862 902 669 873 990 
1646 1246 1433 1324 1418 1620 1449 1558 1159 1419 1457 1359 1432 1386 1483 1483 1454 1443 1557 1322 1388 1330 1738 1495 1684 1342 1588 1318 1482 1410 1425 1338 1644 1350 1517 1514 1235 1407 1502 1384 1481 1514 1588 1260 1272 1612 1603 1442 1371 1596 1407 1446 1372 1364 1373 1528 1299 1525 1571 1201 1455 1212 1330 1533 
1443 1223 1262 1198 1285 1366 1329 1203 994 1373 1375 1255 1327 1264 1420 1361 1367 1307 1322 1254 1101 1181 1414 1231 1323 1257 1287 1262 1364 1328 1298 1150 1334 1168 1323 1362 1191 1276 1425 1265 1355 1432 1380 1045 1241 1405 1399 1350 1101 1504 1143 1325 1077 1140 1282 1217 1185 1225 1232 1026 1286 1065 1203 1194 
1369 1186 1329 1181 1208 1339 1488 1335 999 1226 1370 1350 1379 1243 1514 1231 1472 1244 1464 1271 1253 1261 1536 1315 1418 1272 1261 1210 1500 1281 1239 1081 1473 1249 1464 1390 1226 1271 1466 1316 1349 1362 1339 1175 1300 1452 1495 1263 1190 1645 1310 1277 1146 1327 1195 1299 1296 1377 1322 1066 1385 1129 1333 1408 
1536 1377 1389 1391 1346 1630 1386 1447 1013 1367 1342 1320 1420 1412 1587 1420 1438 1282 1550 1400 1253 1253 1550 1424 1482 1199 1302 1298 1465 1404 1405 1279 1541 1271 1498 1515 1365 1321 1513 1298 1470 1653 1398 1255 1374 1465 1489 1479 1302 1549 1294 1436 1201 1401 1447 1327 1253 1296 1437 1077 1417 1164 1353 1541 
1671 1484 1548 1410 1531 1859 1569 1692 1267 1596 1558 1583 1615 1637 1707 1572 1719 1629 1839 1479 1450 1463 1874 1651 1767 1397 1693 1394 1553 1567 1376 1488 1709 1440 1658 1584 1328 1620 1783 1517 1606 1700 1656 1385 1395 1776 1660 1650 1503 1692 1536 1663 1403 1521 1530 1646 1549 1652 1713 1349 1594 1385 1463 1716 
1583 1327 1345 1239 1202 1489 1388 1230 1064 1409 1370 1246 1329 1366 1400 1393 1356 1435 1443 1311 1192 1232 1519 1365 1439 1239 1442 1172 1470 1338 1315 1216 1520 1126 1262 1331 1238 1179 1417 1390 1359 1500 1410 1166 1212 1314 1515 1506 1263 1585 1401 1377 1326 1335 1319 1305 1246 1381 1383 1039 1439 1192 1230 1334 
1640 1385 1400 1419 1532 1690 1488 1485 1093 1422 1497 1366 1509 1333 1619 1440 1458 1482 1467 1441 1343 1319 1585 1467 1612 1265 1422 1383 1457 1398 1471 1317 1505 1459 1431 1537 1405 1343 1551 1251 1602 1552 1477 1294 1264 1480 1546 1468 1312 1614 1315 1592 1268 1510 1395 1407 1389 1359 1505 1240 1479 1231 1422 1486 
1487 1248 1414 1294 1398 1375 1481 1280 975 1397 1450 1280 1420 1340 1532 1324 1356 1154 1447 1293 1274 1332 1440 1319 1441 1205 1385 1194 1301 1329 1378 1185 1373 1254 1424 1531 1282 1259 1391 1233 1514 1478 1401 1185 1247 1503 1520 1245 1231 1553 1337 1475 1249 1334 1333 1282 1292 1355 1380 1210 1379 1022 1266 1362 
1383 1063 1242 1175 1272 1394 1344 1298 1019 1266 1323 1203 1282 1289 1346 1280 1364 1328 1394 1216 1168 1157 1473 1374 1431 1127 1248 1134 1364 1290 1237 1254 1331 1303 1392 1361 1249 1202 1407 1319 1287 1345 1373 1227 1058 1480 1517 1310 1238 1575 1230 1323 1113 1264 1462 1229 1206 1405 1367 921 1318 1210 1223 1253 
1305 1181 1300 1259 1236 1376 1289 1308 1093 1289 1444 1308 1347 1330 1458 1246 1502 1370 1436 1255 1257 1177 1562 1232 1393 1131 1236 1170 1354 1225 1324 1321 1357 1287 1357 1319 1270 1322 1370 1210 1310 1550 1341 1137 1162 1325 1393 1397 1371 1477 1350 1346 1157 1386 1333 1210 1137 1308 1408 1097 1302 1149 1309 1381 
1427 1120 1334 1359 1463 1544 1397 1456 1195 1380 1465 1273 1433 1550 1526 1348 1529 1372 1532 1348 1340 1215 1601 1254 1535 1197 1384 1373 1434 1299 1330 1243 1307 1347 1438 1428 1247 1466 1448 1211 1374 1600 1457 1260 1287 1492 1479 1461 1409 1553 1338 1493 1193 1386 1461 1346 1163 1484 1524 1102 1415 1191 1480 1551 
1372 1195 1288 1327 1255 1490 1454 1370 1134 1199 1498 1261 1419 1407 1460 1323 1441 1334 1572 1250 1393 1274 1487 1455 1547 1187 1216 1345 1539 1460 1287 1240 1233 1347 1502 1356 1174 1310 1512 1180 1353 1540 1358 1312 1284 1384 1431 1478 1155 1576 1328 1400 1255 1357 1269 1154 1104 1261 1528 1153 1345 1041 1524 1423 
1364 1262 1346 1273 1184 1384 1276 1208 924 1183 1338 1217 1249 1147 1334 1294 1320 1267 1400 1189 1087 1199 1440 1325 1352 1153 1236 1160 1298 1236 1355 1210 1377 1174 1363 1424 1273 1053 1337 1181 1488 1405 1186 1234 1146 1322 1470 1403 1162 1368 1244 1281 1259 1331 1138 1198 1229 1145 1323 1093 1342 1036 1220 1267 
1344 1112 1295 1290 1265 1364 1297 1111 914 1124 1133 1161 1231 1195 1319 1217 1212 1102 1152 1322 1026 1131 1347 1143 1300 1016 1152 1122 1294 1093 1155 1099 1154 1203 1217 1237 1097 1241 1311 1115 1413 1370 1276 1168 1110 1357 1300 1188 1173 1352 1119 1415 1107 1173 1199 1166 1118 1087 1253 940 1176 950 1335 1305 
1509 1233 1248 1322 1300 1443 1365 1282 1022 1354 1269 1275 1398 1348 1525 1251 1350 1288 1369 1289 1120 1168 1416 1442 1392 1158 1268 1229 1292 1242 1275 1220 1426 1290 1354 1453 1227 1193 1342 1158 1469 1406 1316 1239 1185 1416 1343 1358 1314 1547 1276 1482 1109 1278 1280 1274 1175 1259 1409 1062 1345 1132 1216 1398 
1499 1076 1324 1263 1393 1377 1327 1341 1046 1336 1415 1220 1298 1320 1401 1390 1322 1254 1249 1351 1247 1318 1485 1494 1516 1318 1290 1299 1364 1371 1405 1163 1392 1264 1553 1343 1279 1369 1378 1260 1370 1378 1356 1181 1308 1458 1396 1300 1148 1442 1270 1361 1243 1405 1312 1210 1120 1331 1318 1096 1223 1118 1331 1358 
1445 1285 1301 1279 1267 1359 1381 1317 1011 1342 1408 1251 1261 1318 1486 1443 1352 1171 1403 1330 1203 1328 1594 1330 1503 1269 1472 1225 1417 1211 1303 1194 1524 1121 1145 1351 1192 1267 1317 1290 1404 1474 1392 1194 1230 1375 1537 1419 1274 1561 1274 1369 1164 1328 1301 1249 1315 1243 1354 1022 1343 1141 1264 1333 
1394 1220 1221 1163 1317 1426 1341 1168 945 1210 1360 1234 1374 1279 1411 1250 1326 1238 1394 1372 1228 1143 1323 1283 1302 1107 1299 1114 1243 1316 1238 1157 1374 1207 1415 1398 1201 1300 1314 1271 1308 1479 1208 1122 1182 1336 1457 1424 1101 1371 1277 1288 1287 1327 1273 1170 1125 1411 1413 1106 1276 1083 1318 1355 
1383 1115 1213 1193 1257 1440 1227 1306 933 1253 1155 1110 1112 1097 1396 1233 1258 1205 1339 1248 1101 1165 1461 1475 1362 1185 1389 1104 1292 1222 1300 1142 1352 1259 1226 1279 1210 1190 1241 1263 1347 1210 1296 1135 994 1378 1346 1275 1135 1401 1225 1225 1276 1333 1298 1164 1239 1267 1252 974 1274 1108 1202 1299 
1516 1294 1414 1250 1490 1520 1538 1425 1088 1326 1438 1282 1419 1495 1595 1408 1431 1253 1501 1420 1262 1385 1450 1448 1551 1200 1377 1257 1305 1324 1410 1274 1353 1304 1470 1499 1299 1457 1367 1269 1476 1389 1286 1165 1295 1642 1521 1391 1272 1578 1246 1489 1311 1364 1344 1353 1279 1408 1547 1137 1329 1130 1366 1456 
1531 1244 1305 1380 1338 1533 1470 1439 1128 1221 1372 1292 1344 1488 1489 1425 1541 1329 1421 1282 1394 1293 1653 1401 1447 1237 1400 1208 1269 1220 1261 1190 1573 1187 1519 1426 1295 1360 1395 1281 1376 1500 1417 1200 1267 1483 1504 1406 1345 1566 1425 1436 1123 1348 1236 1447 1260 1414 1371 1041 1391 1263 1448 1503 
1652 1336 1522 1328 1415 1600 1383 1622 1185 1414 1381 1335 1558 1553 1547 1442 1589 1396 1601 1377 1314 1265 1559 1496 1638 1342 1431 1329 1543 1481 1433 1436 1753 1321 1660 1463 1329 1358 1375 1421 1416 1776 1555 1147 1296 1515 1470 1543 1350 1642 1420 1446 1346 1432 1506 1387 1205 1498 1498 1141 1457 1132 1361 1578 
1244 1091 1163 971 1146 1332 1178 1174 918 1132 1159 1040 1214 1173 1239 1037 1222 1151 1255 1144 1044 1093 1349 1129 1329 998 1186 1021 1185 1173 1042 1185 1220 1099 1145 1130 1052 1006 1134 1045 1033 1326 1174 979 999 1163 1186 1345 1026 1410 1214 1141 1035 1166 1154 1057 1193 1146 1154 855 1148 964 1182 1204 
1341 1144 1283 1117 1244 1320 1315 1226 905 1264 1303 1196 1207 1300 1396 1210 1258 1348 1235 1264 1053 1166 1300 1349 1393 1207 1273 1151 1283 1280 1199 1197 1282 1256 1283 1249 1239 1314 1298 1189 1283 1339 1282 1009 1121 1217 1360 1360 1126 1488 1153 1301 1153 1269 1235 1171 1125 1360 1265 989 1217 1028 1234 1234 
1621 1404 1408 1428 1463 1629 1434 1577 1210 1407 1461 1217 1514 1403 1535 1476 1540 1452 1363 1532 1358 1295 1866 1435 1641 1372 1441 1329 1555 1323 1526 1361 1625 1358 1579 1312 1337 1372 1675 1489 1402 1721 1570 1276 1269 1468 1448 1520 1428 1681 1420 1423 1181 1461 1470 1387 1378 1496 1488 1177 1440 1266 1388 1520 
1547 1291 1508 1355 1513 1558 1432 1512 1141 1453 1462 1397 1448 1441 1683 1493 1631 1428 1531 1347 1309 1429 1652 1571 1583 1247 1417 1341 1505 1352 1473 1405 1510 1389 1583 1518 1317 1327 1448 1429 1495 1536 1553 1294 1203 1580 1575 1517 1360 1654 1404 1526 1255 1494 1469 1501 1328 1465 1500 1187 1495 1237 1423 1421 
1532 911 1359 1107 1098 1289 1216 1217 947 1234 1190 1082 1162 1234 1261 1090 1221 1182 1281 1163 1067 1058 1238 1441 1406 1104 1225 1066 1385 1317 990 1091 1251 1102 1317 1219 1093 1217 1240 1216 1318 1315 1355 1159 1079 1296 1345 1212 1123 1469 1195 1235 1108 1078 1299 1172 1051 1261 1112 968 1147 973 1193 1259 
1323 1097 1024 1226 1292 1388 1317 1157 1027 1240 1330 1077 1280 1234 1372 1356 1338 1314 1382 1230 1250 1212 1390 1354 1324 1225 1259 1136 1229 1105 1155 1161 1126 1181 1296 1269 1121 1179 1426 1223 1287 1348 1384 1170 1135 1312 1378 1310 1163 1427 1191 1305 982 1174 1277 1238 1135 1173 1309 971 1284 1044 1244 1191 
1563 1169 1204 1325 1348 1520 1268 1189 902 1263 1332 1217 1365 1142 1499 1263 1417 1300 1359 1246 1232 1266 1537 1368 1414 1216 1397 1103 1389 1239 1301 1170 1412 1118 1359 1606 1273 1189 1417 1374 1281 1245 1338 1085 1127 1500 1338 1322 1232 1438 1249 1355 1122 1306 1260 1390 1238 1110 1386 1073 1434 1105 1327 1351 
1501 1175 1319 1223 1275 1373 1284 1188 923 1229 1280 1239 1357 1286 1361 1216 1310 1180 1232 1366 1203 1224 1436 1226 1421 1108 1324 1232 1278 1213 1169 1184 1418 1199 1459 1259 1187 1162 1308 1345 1293 1468 1416 1142 1209 1475 1305 1328 1128 1382 1292 1359 1192 1159 1298 1279 1250 1363 1291 957 1187 1043 1259 1399 
1302 1053 1091 1206 1122 1267 1135 1175 935 1242 1283 1201 1227 1168 1343 1240 1367 1231 1341 1044 1074 1074 1410 1299 1284 1125 1221 1106 1103 1161 1282 1047 1230 1107 1208 1296 1093 1176 1297 1158 1256 1296 1230 1045 1195 1338 1207 1183 1041 1433 1090 1192 1046 1170 1102 1153 1034 1052 1253 1023 1325 1039 1078 1214 
1510 1200 1335 1259 1361 1536 1387 1397 1126 1387 1311 1325 1399 1381 1490 1288 1523 1424 1572 1457 1143 1261 1547 1338 1504 1313 1443 1298 1421 1267 1227 1310 1384 1266 1424 1468 1221 1231 1435 1342 1386 1414 1438 1287 1188 1464 1409 1536 1329 1512 1362 1441 1183 1351 1419 1341 1233 1442 1382 1071 1244 1027 1320 1420 
1370 1156 1269 1259 1111 1409 1127 1271 904 1137 1225 1211 1281 1068 1240 1257 1297 1273 1277 1188 1152 1085 1437 1264 1380 1089 1325 1028 1238 1197 1122 1122 1301 1132 1314 1138 1106 1180 1395 1160 1254 1437 1446 1176 1072 1244 1233 1409 1184 1321 1351 1356 1114 1299 1242 1173 1159 1208 1337 1041 1337 1155 1207 1214 
1387 1271 1264 1276 1293 1404 1380 1369 886 1211 1329 1222 1322 1350 1568 1316 1437 1155 1406 1319 1331 1267 1542 1472 1414 1221 1308 1275 1368 1301 1315 1149 1530 1306 1624 1425 1277 1246 1444 1315 1306 1463 1322 1145 1172 1487 1450 1342 1309 1477 1304 1364 1183 1279 1405 1255 1266 1395 1430 1112 1211 1181 1320 1429 
1441 1347 1307 1321 1333 1379 1375 1309 955 1296 1333 1206 1285 1252 1381 1351 1166 1193 1387 1279 1244 1257 1442 1385 1533 1117 1352 1337 1331 1368 1419 1188 1427 1380 1298 1269 1099 1237 1481 1321 1356 1571 1307 1185 1126 1397 1433 1421 1166 1544 1300 1430 1277 1422 1342 1096 1201 1264 1377 1065 1328 1161 1299 1350 
1434 1323 1364 1254 1369 1526 1254 1330 959 1375 1436 1261 1454 1356 1513 1275 1453 1398 1403 1313 1049 1240 1469 1271 1472 1288 1340 1202 1381 1206 1334 1199 1497 1188 1334 1390 1237 1191 1398 1207 1386 1380 1432 1193 1213 1440 1337 1552 1234 1470 1304 1452 1254 1315 1254 1268 1302 1312 1455 1081 1339 1056 1339 1440 
1625 1378 1482 1347 1336 1638 1476 1335 1060 1499 1444 1408 1342 1414 1484 1476 1415 1421 1450 1408 1236 1381 1670 1507 1508 1334 1510 1245 1395 1369 1375 1276 1536 1371 1492 1429 1208 1328 1547 1267 1501 1510 1502 1287 1187 1505 1463 1542 1385 1549 1459 1569 1308 1355 1311 1363 1251 1463 1457 1203 1452 1165 1358 1451 
1326 1121 1173 1148 1210 1329 1229 1293 1089 1209 1337 1203 1292 1292 1243 1231 1423 1392 1303 1123 1183 1137 1362 1252 1282 1179 1247 1122 1251 1196 1199 1170 1376 1131 1345 1237 1243 1291 1320 1195 1324 1421 1233 1023 1088 1225 1395 1413 1350 1311 1270 1290 1188 1319 1262 1197 1057 1302 1340 1089 1262 1078 1213 1339 
1413 1126 1227 1266 1301 1439 1393 1389 1054 1276 1366 1330 1370 1287 1471 1292 1383 1275 1458 1278 1342 1162 1434 1385 1502 1196 1337 1213 1379 1317 1301 1187 1466 1307 1563 1405 1271 1308 1538 1374 1438 1425 1370 1194 1230 1444 1548 1311 1203 1483 1235 1306 1197 1295 1334 1342 1160 1362 1405 1169 1382 1168 1260 1443 
1540 1322 1481 1276 1343 1538 1624 1412 1094 1329 1338 1353 1514 1337 1668 1260 1539 1274 1542 1568 1298 1352 1711 1477 1550 1183 1363 1279 1461 1275 1242 1381 1488 1342 1581 1448 1268 1387 1487 1424 1449 1544 1412 1400 1231 1607 1546 1429 1412 1668 1356 1507 1199 1417 1504 1288 1395 1488 1520 1160 1371 1218 1432 1601 
1328 1183 1308 1201 1291 1367 1402 1281 962 1304 1224 1260 1293 1273 1376 1303 1434 1196 1268 1313 1181 1281 1597 1360 1322 1205 1273 1225 1284 1160 1220 1187 1479 1243 1460 1380 1118 1222 1375 1215 1217 1383 1388 1143 1173 1462 1441 1308 1253 1366 1214 1396 1110 1189 1222 1269 1196 1526 1419 1140 1286 1047 1246 1372 
1656 1236 1372 1515 1509 1656 1509 1510 1194 1617 1490 1404 1386 1413 1624 1526 1560 1461 1589 1444 1356 1260 1677 1609 1442 1350 1571 1381 1464 1460 1487 1341 1632 1471 1639 1533 1516 1481 1557 1451 1588 1613 1542 1334 1339 1667 1592 1463 1390 1679 1396 1503 1259 1479 1561 1406 1389 1535 1399 1180 1510 1238 1377 1548 
1369 1147 1306 1123 1250 1346 1392 1341 977 1221 1358 1138 1258 1176 1398 1253 1331 1200 1401 1203 1252 1238 1459 1400 1324 1123 1278 1013 1316 1137 1256 1116 1335 1186 1452 1333 1114 1221 1357 1317 1253 1293 1374 1170 1146 1333 1451 1288 1262 1432 1191 1137 1198 1252 1375 1171 1150 1363 1267 1183 1267 993 1206 1295 
1298 1001 1190 1091 1216 1304 1158 1172 928 1107 1191 1074 1237 1095 1242 1130 1320 1131 1180 1128 1060 1050 1363 1155 1278 1036 1216 1059 1227 1104 1182 1052 1320 1156 1361 1178 1131 1067 1201 1113 1193 1298 1099 1076 1048 1233 1286 1104 1086 1343 1160 1151 1210 1211 1105 1125 1192 1060 1150 983 1217 907 1162 1288 
1441 1144 1291 1165 1308 1403 1332 1429 975 1343 1242 1202 1271 1252 1464 1236 1405 1232 1379 1219 1228 1114 1395 1444 1386 1153 1303 1126 1423 1362 1290 1071 1439 1180 1445 1340 1227 1226 1332 1248 1355 1387 1417 1158 1242 1351 1389 1272 1171 1572 1259 1266 1278 1222 1221 1326 1243 1422 1218 1154 1330 985 1308 1454 
1366 1164 1335 1154 1222 1233 1343 1284 939 1100 1291 1132 1203 1233 1273 1161 1133 1158 1279 1237 1095 1195 1264 1214 1411 987 1095 1228 1306 1139 1079 1081 1328 1155 1269 1147 1043 1198 1287 1116 1294 1343 1181 1114 1121 1251 1419 1170 1243 1370 1050 1371 1037 1279 1239 1191 1075 1243 1256 909 1181 985 1249 1342 
1674 1342 1442 1540 1605 1698 1503 1595 1126 1374 1445 1400 1561 1457 1765 1464 1557 1468 1639 1447 1400 1304 1642 1605 1577 1358 1553 1376 1458 1301 1459 1378 1708 1404 1671 1716 1562 1385 1606 1474 1724 1547 1463 1399 1376 1589 1608 1538 1449 1700 1435 1599 1322 1588 1369 1521 1443 1478 1542 1199 1533 1164 1506 1602 
1593 1411 1579 1380 1425 1695 1592 1466 1191 1405 1632 1409 1459 1612 1534 1455 1547 1456 1672 1530 1385 1467 1672 1562 1557 1355 1418 1316 1469 1500 1342 1348 1476 1454 1612 1508 1227 1428 1625 1390 1489 1698 1612 1350 1281 1582 1620 1613 1393 1642 1467 1606 1306 1385 1561 1330 1356 1469 1581 1257 1414 1266 1531 1537 
1496 1265 1352 1292 1443 1381 1442 1499 988 1236 1334 1223 1344 1278 1500 1332 1455 1135 1455 1430 1293 1186 1579 1447 1559 1285 1617 1241 1307 1262 1356 1241 1516 1204 1487 1389 1280 1246 1350 1355 1386 1337 1489 1187 1252 1531 1426 1337 1275 1671 1434 1418 1331 1382 1343 1368 1447 1517 1412 1174 1323 1105 1198 1450 
1386 1106 1242 1250 1208 1326 1200 1224 945 1121 1238 1123 1335 1204 1312 1181 1226 1206 1287 1098 1216 1233 1517 1142 1434 1087 1193 1201 1326 1142 1195 1199 1394 1146 1265 1322 1196 1143 1355 1184 1281 1486 1306 1034 1051 1424 1261 1279 1317 1321 1064 1331 1005 1256 1195 1223 1189 1114 1411 949 1175 1016 1244 1344 
1443 1038 1348 1334 1249 1558 1381 1296 1089 1443 1408 1272 1365 1426 1398 1222 1411 1466 1606 1227 1248 1235 1414 1394 1507 1237 1404 1162 1489 1414 1202 1269 1285 1318 1416 1449 1364 1359 1419 1241 1583 1445 1528 1304 1270 1468 1504 1502 1203 1555 1408 1470 1269 1208 1268 1284 1145 1433 1373 1052 1341 1084 1420 1493 
1383 1125 1333 1096 1184 1424 1370 1330 1110 1165 1342 1254 1318 1253 1363 1208 1290 1300 1361 1180 1177 1183 1392 1207 1369 1106 1226 1140 1290 1267 1168 1130 1351 1120 1347 1236 1122 1380 1374 1141 1225 1323 1179 1002 1238 1311 1340 1335 1049 1404 1153 1336 1076 1265 1117 1199 1065 1254 1277 998 1347 1055 1279 1279 
1458 1299 1326 1270 1195 1495 1353 1422 1128 1366 1298 1299 1388 1333 1450 1294 1481 1441 1440 1303 1079 1167 1480 1401 1466 1193 1250 1239 1409 1393 1277 1230 1517 1172 1465 1316 1355 1355 1418 1183 1459 1488 1335 1254 1306 1418 1298 1473 1175 1452 1342 1428 1193 1346 1241 1354 1150 1284 1431 1056 1422 1054 1272 1435 
1234 1023 992 1092 1132 1241 1116 1282 966 1106 1194 1076 1186 1128 1350 1075 1185 1128 1143 1048 1211 1050 1423 1282 1366 947 1158 1106 1187 1149 1278 1095 1321 1155 1275 1114 1290 1148 1308 1123 1101 1244 1069 941 1052 1216 1135 1131 1131 1270 1087 1181 1003 1304 1113 1024 1017 1065 1264 1031 1216 960 1063 1259 
