21 15 15 15 24 15 21 19 16 15 16 14 15 13 18 15 18 12 17 14 12 13 19 11 13 17 23 17 16 18 10 18 14 13 15 24 21 17 15 15 16 15 14 16 15 15 11 20 13 21 15 16 16 15 16 8 16 12 15 16 19 16 14 16 
20 11 11 16 20 15 24 20 19 17 15 18 17 15 17 19 13 13 22 14 15 14 16 16 12 14 24 19 18 17 16 17 17 17 15 22 14 18 16 15 15 18 15 14 17 11 16 16 17 16 12 23 19 15 15 14 19 17 16 18 20 17 15 16 
15 15 12 15 22 11 21 24 14 13 15 12 18 14 14 17 13 11 17 18 14 16 17 12 15 16 22 18 16 21 17 19 15 13 15 21 17 19 16 19 19 18 16 13 15 16 13 18 17 18 14 18 17 18 17 11 20 16 14 16 17 19 12 17 
23 15 14 15 24 19 23 23 17 18 20 19 20 17 24 21 22 16 22 20 13 17 22 15 18 17 26 17 22 24 17 22 18 15 16 27 23 25 19 16 22 18 16 20 19 18 16 22 20 24 18 24 23 21 19 13 18 16 17 18 24 20 16 17 
20 12 12 14 21 15 18 16 14 14 12 12 15 15 18 12 17 14 20 17 16 16 15 16 12 15 20 14 16 20 13 19 18 13 14 22 17 19 11 14 11 15 12 18 16 12 15 17 15 16 14 20 19 14 14 16 16 8 20 18 18 16 12 16 
15 15 13 15 18 16 19 20 14 17 16 15 15 17 16 17 17 11 15 12 12 14 18 9 12 12 20 15 18 18 16 20 13 15 13 19 22 21 12 14 19 17 14 13 14 16 14 18 16 15 15 18 15 15 11 12 16 16 13 15 20 14 12 15 
19 9 12 14 18 9 15 17 16 14 10 14 16 15 14 14 15 13 13 9 13 10 14 14 16 12 13 14 13 16 18 17 18 13 13 21 16 15 7 17 13 15 15 14 15 12 12 15 14 15 13 13 14 16 10 13 13 11 14 16 14 17 15 12 
19 17 17 20 23 20 23 23 16 20 19 16 22 23 21 18 18 14 23 20 17 17 19 16 16 15 27 19 21 25 18 23 22 20 15 24 23 24 14 19 20 20 17 18 22 16 20 18 22 20 16 23 23 19 16 14 24 19 19 17 23 19 14 18 
19 12 16 14 20 16 22 22 15 17 13 15 19 16 17 16 17 15 22 17 16 13 17 12 15 13 20 17 18 20 20 16 14 16 13 20 22 21 11 19 17 21 17 17 18 16 10 21 19 23 15 17 21 20 16 11 18 16 15 15 16 19 14 19 
13 15 11 12 20 12 17 21 13 13 10 11 15 16 14 15 14 13 12 16 15 15 15 15 11 16 20 15 17 19 15 18 17 20 11 20 19 16 13 14 13 19 11 15 15 12 14 18 14 17 13 16 16 14 16 14 17 14 13 16 12 13 12 17 
18 13 12 14 19 13 20 17 10 10 15 13 19 12 15 13 15 10 17 15 14 12 14 10 12 11 19 13 16 19 14 16 13 10 13 18 14 19 14 13 12 17 13 10 13 11 11 14 12 17 11 14 13 18 14 11 14 15 17 17 13 15 12 14 
19 12 15 16 19 16 22 19 14 16 12 13 21 15 13 15 13 11 15 17 16 12 16 14 15 13 20 19 20 21 15 17 15 15 15 20 21 20 12 20 16 19 17 19 17 15 13 20 16 22 15 20 19 18 16 12 19 16 16 18 16 16 14 19 
19 11 15 12 17 17 20 18 14 15 10 16 17 17 17 11 13 12 17 15 14 11 17 13 12 14 20 17 16 18 19 17 17 18 16 22 19 18 9 18 15 21 11 19 17 16 14 17 17 21 12 15 20 16 13 12 18 16 15 15 18 18 12 14 
13 12 10 14 17 8 15 14 14 13 13 12 13 11 13 13 12 11 16 13 14 13 13 13 13 12 17 15 12 15 15 15 17 14 13 19 15 15 11 18 10 13 11 12 12 12 13 15 14 14 11 17 12 14 14 12 16 11 10 13 17 12 6 10 
15 16 14 14 16 12 17 21 14 11 11 14 16 14 17 16 11 13 12 16 16 15 16 12 13 12 16 16 15 17 15 15 16 18 11 21 20 17 14 14 15 15 11 14 16 13 9 19 15 18 11 15 18 13 20 13 19 13 10 17 16 13 12 17 
19 11 14 13 20 15 18 17 15 13 10 14 12 14 13 13 13 11 15 13 14 9 15 12 12 12 16 14 15 17 14 15 18 12 11 20 17 16 7 16 13 16 9 12 14 14 9 14 15 16 15 11 14 16 10 9 17 14 15 13 15 16 11 12 
20 15 14 14 22 12 20 24 16 13 12 15 19 15 19 17 17 15 19 15 15 16 16 14 19 13 17 19 21 23 19 17 17 20 12 23 21 20 11 17 17 20 14 15 19 17 12 28 19 21 15 19 18 17 17 14 23 14 17 17 16 17 17 15 
15 13 14 12 18 14 18 17 15 13 14 12 15 13 15 17 15 10 16 13 13 12 14 15 10 13 17 15 17 19 11 12 13 10 12 20 17 14 14 14 11 17 12 16 13 11 5 14 12 15 14 16 14 17 13 8 13 11 12 12 17 14 11 15 
19 18 17 20 25 16 22 24 18 19 19 14 22 20 23 17 22 19 18 16 16 12 20 14 16 13 21 18 19 22 18 17 18 15 15 26 25 17 17 19 16 20 17 18 19 16 12 19 19 25 16 15 20 20 18 14 17 19 15 19 19 21 15 17 
19 12 10 13 21 18 19 18 17 16 13 15 14 16 18 15 16 12 15 13 16 8 17 11 12 13 19 14 17 17 15 16 15 11 13 20 21 16 13 11 15 14 11 11 12 12 11 15 12 16 14 17 16 15 14 11 14 14 13 14 17 17 13 15 
19 18 17 16 22 15 24 24 14 18 16 12 22 17 17 16 19 12 19 19 16 15 15 15 19 17 26 17 21 25 18 19 20 13 17 20 21 22 17 22 19 24 15 19 18 18 14 23 17 23 18 23 22 22 16 11 19 15 15 16 19 21 15 18 
18 14 15 15 18 15 22 18 15 18 17 13 18 15 17 16 13 11 15 15 14 11 15 14 11 13 20 19 16 20 13 15 16 16 14 23 17 20 12 12 14 19 18 15 15 11 13 19 13 17 10 21 15 16 17 12 17 13 17 16 19 15 14 14 
18 13 15 16 18 16 18 20 14 14 13 18 15 18 13 11 13 12 18 13 14 13 17 13 13 11 17 16 17 17 18 18 16 17 10 22 18 21 11 15 12 15 12 14 19 15 12 19 15 21 12 14 20 13 14 14 22 17 15 16 19 14 13 16 
16 15 13 17 19 18 21 18 13 14 12 10 17 14 16 15 15 10 18 12 16 14 20 11 13 15 21 14 18 18 11 19 14 11 12 18 19 16 15 16 13 15 12 14 15 15 12 15 13 18 13 20 15 14 15 11 17 15 16 15 20 12 10 19 
16 12 9 14 18 12 19 13 13 10 14 11 15 8 12 13 11 9 15 13 13 11 13 9 10 12 18 11 13 19 6 13 14 10 10 16 13 13 13 12 9 12 9 7 15 9 11 12 13 13 11 16 12 16 13 10 16 11 14 13 15 11 7 13 
20 12 13 16 22 15 19 20 16 17 16 14 17 16 16 19 17 19 19 15 13 13 18 12 12 17 18 12 19 19 14 16 14 13 12 20 19 16 16 13 14 14 14 11 15 15 11 19 15 19 10 18 15 17 14 12 11 18 18 15 18 18 14 15 
16 10 12 10 17 9 16 16 13 10 13 10 18 11 17 16 16 12 14 16 10 16 14 10 13 11 20 14 12 17 11 13 14 12 13 15 15 12 13 13 16 14 8 11 13 14 10 11 17 14 14 14 15 14 13 9 14 12 11 12 12 13 11 12 
22 16 16 15 21 17 23 24 18 11 14 16 19 17 22 17 17 14 16 20 18 17 19 11 19 14 19 19 20 20 17 19 15 17 14 25 26 21 19 16 20 19 15 18 17 15 12 19 16 23 16 19 22 18 19 15 19 16 15 18 19 20 18 19 
17 15 14 17 19 20 21 22 12 16 14 19 16 19 17 18 16 14 20 16 17 15 17 18 13 15 18 15 21 22 18 18 18 15 11 23 23 23 11 16 13 16 16 19 18 13 10 21 17 23 16 20 21 16 16 13 19 15 17 17 22 14 14 18 
17 13 12 12 23 13 14 24 12 17 13 8 14 15 19 13 16 11 17 14 10 15 14 17 15 15 18 15 17 18 11 20 15 14 15 24 18 19 11 17 12 17 13 18 14 14 10 19 20 16 14 18 16 13 16 11 16 12 13 17 16 16 13 14 
15 12 10 12 18 13 16 17 13 13 13 13 14 14 16 12 12 11 17 15 12 11 12 11 11 10 19 14 16 17 15 14 13 13 12 18 17 17 14 14 12 16 13 16 10 10 13 15 13 16 15 20 17 14 12 11 14 11 11 14 15 16 9 13 
17 16 16 15 21 16 22 21 18 14 14 17 19 19 18 14 17 15 18 19 15 16 18 12 17 15 21 19 17 22 19 18 15 19 17 24 24 19 14 15 19 19 16 18 18 17 15 22 16 20 16 18 19 18 16 12 20 18 11 15 19 19 12 16 
10 6 8 11 12 15 16 13 8 12 10 9 12 11 11 9 9 7 12 11 10 5 12 13 9 6 15 10 11 11 12 9 11 10 8 14 11 10 10 10 12 13 9 14 14 8 9 12 8 16 11 11 16 12 12 9 12 9 8 12 12 10 12 10 
20 13 15 17 20 21 22 21 15 15 17 15 22 18 23 15 15 12 17 16 13 13 20 14 13 12 19 17 16 21 16 19 17 18 14 25 21 18 15 18 17 19 15 14 18 16 12 16 20 16 15 20 16 16 16 13 17 18 18 17 17 16 17 15 
17 11 12 16 23 16 17 20 15 16 14 14 15 16 18 15 16 14 18 15 13 14 22 13 14 11 21 16 14 19 17 18 13 13 14 23 21 18 14 17 17 16 14 16 17 15 11 16 17 16 17 19 17 17 14 13 15 13 16 17 20 18 13 15 
19 15 14 15 21 15 19 24 16 17 15 13 19 19 16 17 15 14 17 16 12 14 19 16 13 13 17 14 22 20 13 18 16 15 12 20 20 19 19 17 17 16 15 20 19 17 9 19 15 19 17 17 20 21 16 13 16 10 14 17 20 18 12 16 
14 14 10 11 20 12 22 19 17 15 13 13 15 13 20 16 15 11 19 15 10 16 17 15 17 15 19 16 18 14 12 17 16 15 12 23 20 15 18 15 15 16 11 14 16 10 11 20 17 17 17 17 19 15 17 11 17 13 8 18 17 17 15 16 
19 11 8 14 19 15 19 14 17 14 14 14 16 15 16 14 16 12 16 12 14 14 14 13 16 13 19 16 15 12 12 18 14 10 11 20 17 17 13 10 16 12 9 7 15 12 14 15 14 17 9 17 16 13 11 12 15 14 13 13 15 17 14 14 
20 12 17 19 22 17 21 20 17 11 16 14 18 15 19 21 18 18 19 19 15 16 15 15 14 15 20 16 21 21 14 16 13 11 14 24 19 19 12 15 17 17 17 17 15 15 11 18 15 22 11 20 17 15 15 11 16 14 17 15 20 14 17 15 
18 18 18 20 20 19 26 23 12 17 16 13 21 18 22 18 13 12 21 18 17 19 20 16 14 13 21 15 20 22 15 20 18 18 12 22 21 21 18 19 15 20 19 19 17 16 13 19 16 20 14 23 18 16 19 14 17 18 19 22 18 17 15 19 
18 10 13 17 19 17 23 22 12 17 16 12 19 14 17 15 16 11 17 14 9 14 19 12 12 11 19 14 15 15 11 16 12 12 14 23 18 19 15 14 14 15 13 17 13 15 10 14 16 18 14 20 16 21 10 9 13 14 14 17 17 20 12 13 
20 14 13 14 21 15 22 18 17 14 16 15 17 14 15 17 16 13 19 13 14 10 14 12 12 14 17 13 20 19 14 16 15 15 11 19 19 18 14 17 12 18 15 12 16 10 10 17 14 18 12 18 15 19 13 14 14 13 15 17 17 15 14 14 
18 12 17 15 18 14 16 20 16 16 15 13 15 16 15 11 14 12 17 14 14 12 13 13 12 10 16 15 17 18 17 17 15 17 12 21 19 18 12 14 14 16 16 20 13 14 13 19 12 15 16 16 20 11 11 13 17 11 12 17 19 21 13 13 
19 13 14 18 21 16 24 23 11 16 19 18 17 17 18 15 16 16 22 17 13 16 15 14 13 17 18 13 16 16 16 16 17 15 13 25 20 20 16 14 11 19 13 14 14 13 12 20 17 22 11 19 16 17 18 14 15 16 15 19 19 16 16 19 
19 11 15 12 14 18 19 18 17 11 13 11 18 17 20 14 17 10 13 15 17 11 14 8 15 13 16 15 16 21 14 14 16 13 11 19 20 14 11 13 18 16 14 14 16 16 10 15 13 18 13 15 18 15 15 11 16 15 12 12 16 16 11 14 
17 12 15 16 16 13 18 21 13 13 12 12 18 14 14 12 12 11 17 17 11 11 13 9 14 12 17 14 12 16 14 13 15 15 14 21 17 17 10 14 15 17 8 14 15 15 11 18 14 16 9 16 15 16 14 11 14 12 11 12 18 15 13 12 
12 13 12 8 13 11 19 13 13 12 10 12 11 12 11 13 8 6 14 12 14 11 9 11 8 9 16 13 13 13 9 12 14 14 11 12 13 12 12 10 10 13 9 11 11 9 9 11 10 10 10 15 13 10 11 8 13 12 11 10 12 12 9 14 
19 16 17 19 24 14 22 21 15 16 18 16 18 16 16 17 13 11 23 15 12 17 20 13 15 11 22 18 16 24 17 22 17 19 11 22 22 21 15 18 15 19 18 18 17 17 15 19 16 20 16 19 17 17 16 15 20 17 18 17 19 18 14 15 
18 14 13 15 20 15 19 20 14 12 16 15 15 11 17 18 17 14 19 15 14 14 17 12 15 13 18 15 18 18 16 20 15 14 15 22 21 21 12 18 16 16 11 14 15 15 14 19 20 17 13 17 16 18 15 14 17 13 17 15 20 12 14 16 
18 14 12 15 19 13 21 20 14 16 18 12 20 16 17 18 17 11 12 11 12 11 17 10 14 14 17 13 18 18 12 16 16 15 10 20 21 14 13 14 16 18 13 13 15 15 13 17 14 16 14 15 16 17 11 14 13 13 15 20 14 16 16 17 
16 13 14 16 19 17 22 22 14 20 19 15 16 21 19 14 16 12 20 18 13 17 21 18 16 16 18 16 18 20 17 17 18 17 17 26 19 22 17 16 16 19 17 18 18 17 12 23 18 17 16 20 21 18 20 12 21 15 11 16 24 18 13 20 
19 13 16 15 22 14 17 17 16 15 15 11 12 13 15 15 12 11 16 16 16 12 15 15 15 15 20 12 17 19 13 19 14 12 14 20 17 18 14 14 14 17 14 14 14 14 13 19 7 16 13 20 20 12 13 10 17 11 13 14 17 15 17 17 
19 15 16 17 24 18 24 26 14 19 17 16 20 18 21 17 18 12 25 22 19 17 19 18 18 14 27 18 24 20 19 22 18 22 17 22 21 24 22 21 18 22 16 21 19 15 15 20 22 21 20 23 21 22 18 11 21 18 16 20 21 21 13 18 
17 11 10 16 21 10 18 20 13 13 15 14 16 16 14 13 14 12 20 16 11 13 13 12 14 12 18 16 15 17 15 14 14 13 10 17 20 18 14 14 14 14 11 12 12 11 11 16 14 17 14 17 17 15 13 9 15 12 9 11 17 17 10 12 
11 11 9 10 14 11 14 17 8 10 12 12 12 12 11 11 11 9 10 11 7 10 11 10 10 8 9 8 13 15 9 11 12 10 8 15 16 15 10 10 10 13 7 10 11 11 7 15 14 15 9 10 8 13 12 8 12 9 6 9 16 10 8 12 
12 9 12 13 16 11 14 17 12 11 10 8 15 11 11 11 11 14 15 13 10 9 13 9 8 9 16 13 11 15 15 12 9 11 10 15 15 11 7 13 13 11 9 14 11 13 10 11 11 13 11 13 16 13 10 13 9 12 13 12 11 13 9 8 
17 9 12 16 18 15 21 16 14 14 11 13 16 15 16 16 12 13 18 15 15 11 12 14 9 11 16 15 15 23 12 11 17 9 13 22 15 15 11 13 11 19 15 18 14 11 9 12 14 18 13 20 13 18 13 11 16 14 14 13 15 16 9 16 
17 12 16 12 17 11 18 19 15 16 15 12 15 13 16 14 13 10 15 15 11 9 13 10 13 14 12 14 13 15 16 13 18 16 10 19 20 15 11 15 15 14 14 15 11 12 12 17 13 16 12 16 19 13 16 12 13 11 13 15 15 19 17 14 
12 11 9 11 13 11 16 14 10 9 13 14 11 13 14 11 11 9 13 10 8 10 13 8 11 10 13 12 14 12 14 11 13 9 8 19 13 13 11 11 12 15 9 12 10 11 9 11 15 15 12 9 12 14 8 9 14 10 11 12 15 14 9 10 
11 13 11 13 21 13 15 19 13 16 14 10 11 12 15 10 14 10 18 14 8 11 14 12 9 8 19 14 15 19 9 15 13 13 12 17 17 17 16 11 12 13 11 12 13 11 11 17 14 12 15 14 15 14 14 7 17 16 10 12 13 16 7 9 
19 10 14 17 17 11 22 18 16 14 14 13 17 14 17 17 14 11 13 16 14 13 15 14 13 15 19 14 16 17 9 10 16 12 12 20 13 15 13 10 17 16 16 12 16 14 10 21 10 16 12 16 16 14 14 6 15 11 13 18 16 16 14 16 
25 17 22 21 26 18 28 28 19 14 17 17 23 20 22 23 17 18 23 23 19 18 19 18 19 17 20 21 22 28 19 18 21 17 17 29 26 22 12 21 20 21 21 22 21 20 10 25 19 25 17 22 21 20 16 12 20 17 21 20 24 22 17 17 
21 17 16 12 21 21 23 26 19 15 14 14 21 18 22 14 18 12 17 15 18 14 18 14 15 16 20 22 23 22 16 19 14 18 14 25 23 18 19 16 19 20 16 21 19 16 11 22 15 23 17 20 20 17 22 15 20 16 14 19 18 17 14 19 
19 18 17 17 20 16 21 24 15 14 15 11 23 19 20 18 13 13 16 21 16 15 19 14 17 12 22 20 20 24 18 17 18 17 17 26 25 21 15 19 16 23 15 20 14 17 10 18 15 20 19 19 22 19 18 14 20 15 14 16 19 17 15 17 
