6 0 0 0 0 9 0 0 35 24 24 0 0 2 0 45 8 0 40 0 0 0 0 30 5 35 0 0 0 0 40 0 0 0 0 25 0 40 5 0 19 0 4 0 4 24 0 8 48 0 0 24 10 0 0 0 12 7 0 48 0 0 0 64 
0 0 0 16 54 64 69 20 0 0 40 21 11 0 0 96 58 0 65 12 109 0 9 0 31 27 66 0 0 0 0 84 21 70 0 59 0 0 84 35 61 0 16 0 0 0 0 28 56 61 0 0 4 0 0 66 70 56 0 23 1 54 0 0 
48 36 35 0 0 7 0 0 0 0 0 0 0 37 8 63 65 0 0 0 0 0 0 0 40 0 0 0 0 18 6 0 15 0 0 9 12 21 0 0 0 0 0 0 32 39 27 67 0 0 0 9 128 0 0 0 18 6 18 0 28 48 9 0 
0 42 0 2 0 15 0 0 0 0 0 0 0 0 0 0 0 0 0 0 0 1 40 40 0 0 0 56 6 46 10 0 0 10 68 0 0 3 42 42 0 0 0 0 42 0 11 63 0 0 0 0 0 0 0 49 0 0 0 5 0 0 35 42 
74 0 24 0 27 0 56 0 0 0 0 0 0 56 0 0 0 0 0 0 0 40 0 0 0 0 16 0 73 16 0 0 0 0 6 24 0 0 0 0 0 0 40 0 0 54 0 0 0 0 0 8 3 0 0 0 0 91 0 0 0 0 0 3 
54 0 72 0 81 0 0 0 5 0 0 0 0 14 87 0 0 0 5 63 0 0 0 0 0 0 0 21 81 0 29 0 56 9 18 0 0 42 20 0 0 6 0 2 36 18 0 0 0 0 0 0 33 6 0 24 14 81 12 0 0 15 0 9 
0 0 0 0 0 0 48 0 0 0 0 0 0 0 8 0 54 0 36 0 0 0 0 0 0 0 0 7 0 0 7 36 0 3 0 0 0 0 0 0 0 0 0 0 0 0 0 0 0 0 0 0 0 0 0 0 0 0 0 0 0 5 0 0 
0 16 8 0 0 9 49 0 56 14 0 21 7 4 18 96 0 0 68 18 0 72 21 48 0 70 22 0 0 32 9 14 16 0 14 62 0 64 67 0 0 0 0 0 10 9 18 0 0 0 0 0 0 0 58 0 19 1 0 42 0 0 0 14 
0 102 9 111 26 0 91 10 77 0 12 21 95 0 12 69 14 56 105 72 0 0 47 56 45 137 5 8 12 0 48 0 0 85 25 35 0 160 41 42 7 0 0 56 12 88 36 49 55 81 34 24 0 48 0 0 6 72 8 34 66 70 48 56 
84 27 59 0 36 0 0 21 0 15 15 0 81 0 0 0 0 0 0 27 3 30 0 0 48 0 57 0 12 12 25 0 27 63 8 90 0 0 81 27 73 0 30 0 18 131 54 36 30 0 0 36 4 0 54 99 0 84 0 30 0 0 0 44 
30 48 45 66 0 0 0 35 0 6 0 72 0 0 0 0 0 4 0 0 5 12 0 0 35 24 48 32 0 24 0 75 0 56 36 0 0 16 36 24 2 0 0 16 39 0 94 50 14 0 0 25 0 0 0 58 0 0 0 0 36 56 20 24 
6 0 9 45 18 16 100 39 45 0 64 0 42 28 0 30 18 89 27 0 36 0 42 0 31 0 21 0 32 0 0 0 24 158 0 64 0 0 72 34 119 0 28 0 0 0 0 32 40 0 9 5 0 0 0 78 0 3 0 8 0 92 0 72 
38 0 15 0 48 2 49 6 0 24 28 0 0 57 33 42 28 35 0 0 95 10 64 40 20 0 0 27 60 0 56 0 18 16 15 0 0 0 81 0 16 0 0 0 16 28 14 40 76 28 12 24 36 0 42 0 16 17 28 70 0 0 0 104 
0 30 0 56 0 10 35 40 0 8 0 24 0 35 0 30 5 30 20 0 54 0 0 0 0 56 0 32 40 0 79 72 0 56 0 0 35 0 0 0 5 0 0 0 0 39 72 0 24 36 0 5 0 0 72 0 0 0 45 30 73 0 45 0 
123 15 42 3 20 4 0 21 0 0 20 9 0 14 0 12 49 12 0 0 3 45 0 0 56 3 24 0 20 18 0 0 0 7 35 27 0 0 0 0 0 0 45 0 28 66 5 56 0 0 15 24 63 0 0 18 0 72 0 12 0 7 0 0 
6 0 8 40 9 0 72 45 0 0 0 27 20 42 0 0 99 0 59 30 6 0 56 35 25 108 0 48 84 0 86 54 0 77 9 18 24 63 54 0 0 9 0 0 54 3 0 0 27 49 4 0 37 9 8 36 0 65 18 7 0 0 0 1 
0 48 24 0 14 0 0 14 0 42 24 0 0 0 26 0 0 0 18 0 0 0 0 0 0 42 0 21 0 0 61 0 0 9 42 0 0 0 6 0 16 0 0 0 0 24 0 0 48 0 0 24 0 0 0 8 0 0 0 48 7 15 0 106 
30 0 70 8 3 36 16 35 0 0 0 0 0 0 0 45 0 0 0 0 41 4 0 0 47 0 0 8 24 16 0 0 39 28 16 32 0 12 56 12 28 0 0 0 0 0 20 28 0 18 0 25 40 0 0 66 0 12 0 21 0 0 0 18 
6 54 0 0 0 48 40 16 21 0 32 0 0 2 0 27 52 14 54 0 0 4 0 58 5 21 0 72 63 54 0 37 0 0 81 15 0 129 75 54 7 7 0 56 105 0 16 138 49 0 0 0 37 7 0 91 3 0 14 4 0 32 45 54 
0 0 0 0 0 12 0 0 0 0 0 0 6 0 0 4 0 5 0 0 0 0 12 0 0 0 8 0 0 0 12 0 0 0 0 16 0 0 0 0 9 0 4 0 0 0 0 18 0 0 0 0 0 0 0 0 0 0 0 0 0 0 0 0 
30 1 0 2 0 0 72 0 0 0 0 0 0 10 40 0 116 0 78 0 0 0 0 0 25 0 0 35 0 0 35 54 0 15 0 0 0 0 0 21 0 0 0 0 20 0 18 40 0 0 9 0 49 24 0 0 0 0 0 0 12 25 24 0 
0 0 0 44 0 21 0 0 0 4 0 0 0 72 0 0 0 0 0 0 0 0 0 0 0 35 45 0 0 0 0 36 0 0 25 0 45 0 32 0 0 0 0 0 0 0 90 0 0 0 0 0 0 0 118 0 0 0 0 0 24 0 0 0 
56 0 20 0 0 28 14 20 0 0 40 6 2 35 0 12 29 0 0 0 0 0 6 0 0 0 2 0 0 0 18 14 0 0 86 41 20 0 19 0 21 0 0 0 0 0 0 0 0 0 35 0 0 0 0 0 0 10 0 17 63 40 0 0 
0 0 0 8 0 57 76 0 0 9 0 0 0 36 0 0 180 45 54 0 42 0 0 81 21 63 14 14 0 0 0 36 21 63 28 92 36 0 114 39 49 0 0 0 0 36 0 28 0 0 0 0 0 72 32 63 0 2 0 45 0 0 0 0 
0 48 0 12 0 10 0 30 0 32 0 18 0 63 2 30 45 48 0 0 0 6 0 18 0 42 0 48 90 42 48 0 0 42 27 39 36 60 30 18 0 6 0 0 54 66 30 27 18 0 0 0 24 6 0 45 28 22 12 48 7 0 15 18 
0 0 0 0 0 0 0 0 0 0 0 0 0 0 24 0 0 0 0 0 0 0 0 0 0 0 0 21 0 6 21 0 0 9 0 0 0 12 0 0 24 0 0 0 0 0 0 0 0 0 0 0 0 0 0 0 6 0 24 0 0 15 0 0 
0 0 0 0 6 0 0 0 0 0 0 0 0 0 3 15 0 5 36 0 15 40 0 0 0 9 28 0 54 20 0 0 0 28 0 0 0 42 12 0 0 6 0 0 36 0 2 0 4 1 0 0 24 6 25 27 0 13 16 0 1 0 0 4 
80 9 84 0 42 0 56 52 0 38 6 0 27 56 69 42 0 35 0 9 67 40 0 0 28 0 0 0 64 10 10 0 0 0 0 12 0 20 0 0 44 0 0 0 6 66 14 0 40 0 0 26 0 0 40 24 102 4 68 12 0 0 0 44 
48 24 76 0 193 24 0 49 0 9 0 16 0 7 0 48 3 18 27 0 72 0 0 0 0 21 56 9 24 0 0 64 0 0 37 3 4 72 30 0 9 0 0 72 0 16 0 63 63 56 3 0 8 0 0 28 56 77 0 0 0 0 0 29 
0 0 40 0 0 8 0 0 0 7 0 0 42 0 0 135 63 35 0 0 42 0 90 58 0 112 0 9 0 4 12 0 0 12 6 28 28 8 27 14 79 0 28 0 0 28 0 0 0 7 3 0 64 56 0 21 4 66 16 6 7 0 0 0 
0 45 0 0 0 0 56 0 42 24 24 24 8 29 36 78 9 0 48 36 0 0 24 36 0 42 8 0 0 0 50 0 32 0 0 47 12 83 62 0 16 0 0 0 0 49 0 0 48 0 0 39 0 0 0 0 14 6 0 96 0 35 0 64 
0 36 0 8 0 75 12 0 0 0 0 0 0 16 72 0 6 0 0 72 18 0 9 0 0 0 12 22 0 12 16 0 64 0 30 0 0 0 27 12 18 0 24 0 12 0 0 45 0 0 0 0 6 0 0 14 58 42 16 0 0 0 10 12 
21 36 0 15 92 32 24 0 15 0 0 18 0 0 64 54 6 18 0 0 101 15 0 0 0 0 69 104 0 42 56 72 45 51 54 9 0 0 36 36 0 0 15 0 36 18 0 74 0 93 3 3 0 0 0 42 63 44 0 35 0 46 30 90 
6 6 8 0 9 0 0 35 0 0 0 21 0 28 0 0 12 0 0 0 0 0 0 0 0 49 0 36 3 6 56 0 0 49 11 12 16 0 6 6 0 0 0 0 6 2 0 9 21 0 0 0 1 0 0 7 0 17 0 0 0 0 5 7 
42 0 63 0 0 0 0 49 0 0 0 0 0 0 0 0 54 45 36 0 61 0 0 45 49 0 0 0 0 0 27 0 0 0 0 0 63 0 0 0 9 0 0 0 0 9 0 0 0 36 0 44 0 0 72 42 0 0 81 45 45 0 81 0 
36 54 0 0 24 16 0 0 0 0 0 0 0 12 24 72 42 68 0 0 36 0 0 0 30 0 0 0 0 12 0 0 10 0 0 0 0 0 0 0 0 0 0 0 24 64 26 50 16 0 0 0 54 0 0 0 12 0 28 48 42 18 6 16 
0 0 0 0 54 46 72 0 5 0 0 12 0 0 0 36 63 0 47 0 78 0 0 0 0 0 42 8 0 0 8 90 0 0 16 0 0 0 28 0 0 0 0 2 0 0 0 0 0 42 0 0 0 0 0 0 42 0 0 0 0 0 0 0 
0 0 10 35 22 14 56 0 35 0 0 0 0 10 95 54 14 42 45 45 74 0 32 20 0 28 35 35 0 0 43 0 112 121 24 0 36 0 0 12 0 0 0 0 0 0 0 32 48 48 7 0 16 0 0 0 10 37 0 60 35 51 0 104 
18 18 4 0 42 45 0 8 0 15 31 0 0 6 21 60 21 53 0 0 63 0 56 70 15 0 0 0 0 0 39 0 0 14 13 0 0 0 1 0 10 0 0 0 12 33 28 24 58 0 7 15 27 0 0 0 0 0 28 57 0 16 0 68 
56 3 0 3 0 0 63 0 0 0 0 9 0 63 0 0 14 0 8 0 0 0 0 0 0 3 6 0 72 0 0 14 0 7 56 0 0 0 0 7 21 0 0 0 0 0 11 0 0 0 3 0 0 8 0 0 0 0 0 0 67 7 8 0 
40 18 21 0 28 16 0 32 0 0 92 0 9 0 48 0 10 0 0 3 0 0 0 0 0 0 0 69 28 30 42 10 25 18 89 0 0 0 81 0 15 0 0 0 2 48 45 5 0 0 30 0 0 0 0 0 30 9 30 8 45 139 15 0 
0 72 0 8 0 31 0 0 0 0 0 0 0 0 0 129 0 48 0 0 54 0 0 15 0 81 0 0 0 0 16 0 0 0 0 0 0 0 0 0 0 0 0 0 0 48 6 0 0 9 0 0 0 0 0 27 0 81 16 48 9 0 0 0 
0 9 35 24 42 12 0 42 0 0 0 0 39 0 0 63 0 0 21 27 0 0 0 5 15 27 0 0 0 0 0 0 0 0 0 0 0 0 0 0 0 0 0 0 6 24 2 0 0 27 0 0 56 0 0 24 0 24 0 0 0 0 0 0 
60 0 0 0 2 2 0 0 0 0 0 0 0 12 0 0 48 0 135 0 8 0 0 0 30 0 49 0 0 0 0 6 18 49 24 0 0 0 0 63 9 0 0 0 24 0 54 56 0 12 27 0 54 72 0 0 0 15 0 14 63 0 72 12 
42 0 0 10 4 0 56 0 10 0 0 0 0 0 0 0 49 12 39 0 0 54 0 0 0 0 19 0 27 12 0 72 0 25 0 18 0 21 30 0 0 3 30 0 48 36 0 0 0 0 2 6 12 3 0 12 0 49 6 0 0 4 0 16 
24 12 32 3 36 29 0 10 0 0 0 6 0 9 0 0 3 0 0 0 0 0 0 0 0 14 0 8 12 0 20 0 0 14 8 0 0 7 4 0 9 0 12 0 0 13 0 0 6 0 0 3 7 0 8 0 21 57 2 0 0 7 0 4 
96 0 36 0 72 34 0 38 0 0 40 16 0 18 36 48 63 12 0 0 108 58 8 5 45 0 56 0 0 12 2 113 0 2 1 0 0 72 28 0 54 0 0 48 71 6 0 114 42 80 0 0 81 0 78 0 116 0 48 6 0 40 0 0 
0 0 0 0 0 25 0 0 0 0 0 0 0 0 0 0 63 63 0 0 0 0 15 88 0 0 20 0 0 0 0 0 0 0 0 0 0 0 0 0 0 0 0 0 0 0 10 45 0 0 0 0 0 0 0 0 0 0 0 63 0 0 0 0 
0 0 0 0 48 0 0 0 0 0 0 0 0 0 24 78 0 58 0 0 107 0 0 0 9 0 0 0 0 0 0 0 9 21 0 24 0 72 27 19 30 0 0 72 0 0 16 75 135 0 0 0 0 0 0 27 0 0 32 0 0 10 0 32 
0 9 45 9 0 49 0 0 0 0 0 27 0 0 0 81 0 0 0 0 0 0 0 40 0 9 18 0 0 0 0 0 0 21 0 0 0 0 0 0 0 0 0 0 0 0 31 0 0 0 0 0 72 0 0 0 0 0 0 0 0 21 0 0 
18 0 0 0 0 0 0 0 0 0 0 0 0 6 0 0 21 0 0 0 0 4 0 0 15 0 0 0 0 0 0 7 0 0 0 0 0 0 4 0 0 0 0 0 17 0 0 24 0 0 0 0 27 0 0 0 0 0 0 0 0 0 0 0 
0 0 0 0 0 0 0 0 49 0 0 0 0 0 0 63 0 0 56 0 0 40 16 52 0 49 0 0 0 20 4 0 0 4 2 35 0 56 7 0 0 0 0 0 0 0 0 0 0 0 0 0 0 0 25 0 7 0 0 2 0 0 0 0 
0 74 48 0 0 4 0 0 0 21 0 0 54 0 0 36 0 0 14 18 0 0 0 0 0 49 0 0 0 2 0 0 0 0 49 0 0 4 7 0 8 0 0 0 12 48 0 0 0 0 0 0 32 0 0 0 2 0 8 0 0 0 0 49 
42 3 27 6 36 35 20 35 0 0 36 21 0 6 27 0 0 0 0 27 30 30 0 0 0 49 12 38 36 18 56 0 24 49 83 18 0 12 25 0 24 0 30 0 0 36 0 0 21 0 27 6 12 0 0 0 12 48 24 0 0 0 0 0 
0 78 0 0 42 54 56 42 0 0 0 0 72 58 9 0 6 0 18 33 0 40 61 25 0 0 28 0 64 20 22 0 8 10 5 0 0 42 0 0 18 0 24 0 16 94 0 63 0 0 0 18 6 0 25 24 44 42 0 5 0 42 0 0 
0 9 0 0 3 19 0 32 0 40 64 0 0 0 0 0 0 0 0 0 12 0 24 15 0 0 0 0 63 0 8 0 27 6 3 15 0 56 14 0 0 7 0 0 42 50 0 12 0 18 0 3 28 7 0 28 35 17 14 32 0 71 0 18 
28 24 24 103 0 37 0 12 0 9 0 72 0 72 24 7 72 72 0 0 0 20 0 72 0 24 48 21 0 0 21 81 0 56 0 28 0 0 95 0 0 0 0 0 0 0 121 0 0 0 7 0 0 0 84 0 32 7 0 72 54 56 0 0 
0 0 32 16 56 3 24 56 0 12 12 0 8 0 0 0 27 0 44 12 0 0 0 0 10 39 0 0 0 0 20 18 0 0 63 0 27 0 8 0 8 0 0 0 0 12 0 0 24 18 56 12 0 0 0 32 0 16 0 24 0 0 0 32 
0 9 0 9 20 8 0 0 0 0 0 27 0 0 60 12 0 10 0 0 50 0 24 15 0 9 18 35 0 10 41 0 72 42 3 0 0 20 0 0 40 0 0 0 0 0 19 32 8 48 0 0 0 0 0 0 10 32 48 59 49 46 0 56 
117 54 54 0 0 0 0 27 0 0 0 0 0 30 120 0 64 18 4 54 0 45 27 0 45 0 36 0 0 0 15 0 48 0 0 0 7 114 0 0 10 0 0 72 36 30 0 216 63 0 0 19 81 0 45 0 84 0 9 0 47 42 9 0 
12 63 18 63 48 0 0 14 0 25 0 0 0 0 24 111 0 40 0 0 134 0 0 0 14 63 0 0 0 0 14 81 0 0 0 6 0 49 0 0 0 0 0 0 0 56 97 0 32 19 0 31 0 0 24 33 14 65 32 0 61 49 0 32 
0 114 36 21 0 0 0 0 0 57 27 0 0 0 0 0 0 0 18 0 0 16 0 0 0 63 0 8 0 28 53 27 0 0 72 0 0 56 15 6 74 0 0 0 6 47 27 9 54 0 0 39 0 0 10 7 14 0 56 54 18 28 5 141 
14 135 48 0 7 0 49 53 0 36 0 24 27 49 36 0 81 0 21 9 0 10 0 36 0 182 45 53 65 12 97 0 0 65 63 36 36 73 11 18 48 1 0 0 12 90 54 0 24 0 0 18 4 73 64 8 28 0 50 0 0 57 0 63 
0 69 20 0 1 1 0 0 0 0 0 0 0 0 0 0 0 0 0 0 4 0 0 0 0 0 0 8 0 6 14 0 9 0 39 0 0 49 11 6 0 0 0 0 6 35 0 13 0 6 35 21 0 0 0 7 0 4 0 7 0 49 5 12 
