0 0 0 60 72 3 0 0 4 0 0 81 57 0 0 0 97 12 0 0 64 72 24 0 8 0 8 4 72 6 0 0 72 8 0 0 0 0 0 0 27 6 56 72 0 0 0 0 0 16 0 0 118 81 74 0 18 0 6 0 0 0 0 41 
0 0 0 27 0 24 0 15 0 0 9 0 0 5 0 72 0 0 2 12 7 7 0 0 5 0 0 72 0 12 24 118 3 0 0 0 0 0 0 0 0 0 8 27 18 0 12 24 0 0 0 2 0 3 0 0 43 0 0 1 0 13 0 0 
0 2 30 0 22 0 0 0 15 0 0 0 0 24 42 9 42 17 0 48 0 21 12 52 0 15 0 0 0 0 42 12 45 0 2 0 0 90 0 0 0 21 7 0 6 0 0 0 6 0 30 33 0 12 19 6 3 9 0 0 0 4 0 0 
0 7 0 48 76 0 0 0 56 0 0 72 112 0 36 0 72 21 0 9 0 91 0 0 0 40 0 0 64 0 14 0 64 7 0 0 0 132 0 14 24 18 0 16 62 0 0 0 15 0 0 0 40 72 93 0 22 56 0 15 0 34 0 35 
6 2 0 0 38 0 0 0 0 0 0 0 0 0 0 36 10 53 0 0 0 7 0 34 0 0 0 0 54 0 0 0 0 36 10 0 0 0 0 0 0 9 7 9 36 6 0 0 30 30 0 15 0 42 35 0 12 0 0 0 0 12 0 0 
32 0 8 0 20 16 0 0 0 0 0 0 0 0 12 12 0 0 0 3 0 9 20 32 0 0 0 0 0 0 0 0 0 0 0 0 0 66 0 0 16 6 0 70 45 0 20 0 25 0 0 10 24 0 25 0 18 0 0 25 0 61 0 45 
0 0 0 54 72 0 0 20 10 0 5 81 54 0 0 0 81 16 0 0 30 123 0 0 0 0 0 40 72 0 15 0 104 0 0 24 0 0 0 15 27 18 14 0 24 0 0 0 0 0 0 0 45 81 72 0 18 40 0 0 0 4 0 9 
5 0 0 12 28 0 0 0 0 0 0 0 0 0 0 15 32 114 20 36 0 0 0 28 0 0 16 8 45 0 18 0 9 55 14 0 72 0 0 18 0 12 0 0 119 5 0 0 42 57 63 0 0 35 0 0 0 0 12 0 0 23 0 0 
0 8 0 30 42 0 0 42 49 0 4 0 30 0 0 32 24 18 2 46 7 7 0 0 5 45 12 6 0 0 24 29 0 12 0 0 27 48 15 0 0 9 0 16 42 0 0 0 0 30 0 0 0 0 51 0 33 35 9 0 0 6 49 0 
46 0 20 0 10 20 9 74 0 64 6 0 70 0 0 90 0 0 0 45 40 0 69 4 0 0 9 0 58 51 14 45 10 36 0 0 72 12 0 0 56 0 35 45 48 6 5 20 0 30 0 0 40 42 0 56 14 6 1 1 0 20 49 20 
5 0 18 0 0 0 0 0 0 4 4 0 6 0 0 101 0 48 12 8 42 60 0 0 30 0 0 0 53 0 36 44 2 30 0 0 44 0 12 18 10 68 42 39 11 19 16 0 0 29 14 45 2 35 14 0 110 0 0 0 0 48 0 0 
0 0 12 49 54 0 0 0 45 0 0 0 0 0 0 0 0 16 0 78 0 14 0 28 0 45 16 0 0 0 42 0 0 12 0 0 63 0 35 0 14 0 0 56 16 0 28 18 0 14 0 0 21 0 45 0 9 27 0 0 14 0 0 0 
0 0 0 0 18 0 72 0 15 4 48 0 0 0 0 0 0 21 0 44 0 0 0 32 0 15 72 0 40 24 14 10 16 7 0 6 64 0 0 14 10 14 0 0 65 14 16 0 0 0 56 0 0 0 36 0 3 57 8 8 0 7 0 0 
0 0 45 0 16 0 25 0 33 0 0 0 0 0 0 0 0 60 0 40 30 0 18 16 0 0 0 40 0 0 78 0 45 0 8 35 0 54 0 0 0 0 0 0 24 0 0 4 39 4 0 0 0 20 40 0 0 40 0 0 0 8 0 0 
0 0 0 6 54 0 81 26 0 32 0 9 79 6 0 36 12 103 50 86 49 57 45 42 35 0 0 0 8 24 58 88 35 8 14 0 36 0 0 26 31 0 0 0 82 0 38 48 42 0 5 2 5 11 89 65 30 0 0 0 0 64 0 1 
42 0 42 0 42 55 0 12 74 0 66 0 27 0 0 0 63 56 28 70 32 76 12 63 72 35 56 42 21 54 0 0 0 77 0 0 0 0 0 9 0 0 28 36 56 0 49 63 0 0 0 0 113 0 109 0 7 21 0 0 49 0 0 16 
0 2 0 9 22 0 0 6 1 2 0 0 0 0 4 0 34 27 54 1 6 7 0 18 0 0 12 14 4 0 3 5 12 12 2 0 0 7 36 48 5 18 0 0 6 7 8 0 30 24 36 0 0 0 0 0 0 8 9 0 0 2 0 0 
0 0 0 0 0 0 27 0 1 0 0 0 15 36 24 54 32 0 12 0 6 0 0 0 9 0 0 8 0 0 3 16 29 0 0 27 0 8 63 0 0 0 0 21 0 0 12 0 0 0 0 63 7 0 27 12 28 8 0 0 0 0 0 71 
72 0 18 1 0 36 10 4 1 0 1 0 0 3 0 0 0 0 0 16 0 9 45 1 0 0 0 0 0 0 0 1 72 0 5 68 0 0 0 3 0 0 0 0 54 0 9 0 6 0 0 0 0 9 16 0 0 0 0 5 8 36 0 0 
0 5 0 0 0 0 0 6 2 14 0 0 2 0 16 0 0 0 2 4 20 12 0 0 0 0 0 16 0 0 6 0 0 0 0 0 0 68 0 0 0 8 0 0 6 0 8 0 6 0 0 0 0 0 10 0 2 16 0 0 0 0 7 0 
0 0 27 0 0 18 5 0 0 81 9 0 0 0 0 126 0 3 0 8 0 0 63 0 0 0 0 0 0 0 2 63 0 1 0 70 27 0 0 2 72 0 0 54 5 0 0 0 3 0 0 45 63 4 50 0 117 0 0 0 0 1 0 0 
16 7 7 45 0 21 0 0 28 0 48 32 21 41 0 0 72 0 0 49 0 0 0 3 191 0 0 0 0 42 0 75 0 0 71 3 0 98 7 32 0 40 0 0 8 0 0 0 8 48 0 0 112 3 28 0 0 0 0 15 73 0 0 71 
0 0 0 24 59 0 0 46 0 72 2 63 87 78 63 124 108 16 0 0 0 32 0 6 0 0 0 0 32 54 0 50 86 18 0 9 81 0 0 10 75 0 0 6 0 18 2 12 0 0 0 63 20 90 32 63 12 0 0 0 0 0 0 4 
0 0 24 0 0 0 0 25 0 10 5 0 0 15 0 0 0 72 36 21 64 28 24 15 0 0 32 0 20 21 0 25 0 49 25 30 0 10 0 25 25 60 70 72 32 35 94 66 0 0 0 0 64 0 56 40 0 0 0 0 28 0 35 32 
0 0 0 0 32 0 0 15 0 28 0 0 0 9 0 0 6 24 40 10 16 0 0 25 0 0 0 0 0 0 0 0 0 0 0 0 0 92 0 15 0 0 0 0 72 0 19 18 52 0 10 4 0 4 40 2 16 0 0 40 0 72 0 72 
0 0 0 0 0 16 0 0 0 82 0 0 27 0 0 0 0 0 0 0 0 0 56 32 0 0 0 56 20 0 14 67 0 0 0 56 45 0 54 81 105 35 0 64 14 35 56 0 0 18 0 0 89 0 0 0 0 0 0 0 0 0 0 0 
42 2 0 6 0 49 0 0 28 60 99 0 21 42 18 9 141 18 3 42 12 0 0 69 110 0 0 42 42 44 2 72 15 35 38 0 0 15 27 0 0 30 9 0 0 0 12 0 24 36 0 31 63 6 70 0 0 0 0 44 48 0 0 6 
0 0 0 0 32 27 0 36 11 21 57 0 0 0 0 0 99 121 3 123 44 105 43 88 72 0 0 16 0 0 18 144 0 6 8 0 0 15 0 51 0 112 63 9 54 0 12 32 41 48 45 18 8 18 0 9 0 16 0 0 0 30 0 12 
0 0 0 21 12 99 36 0 46 0 0 0 47 0 0 0 0 8 16 42 32 0 0 0 72 10 0 0 0 54 18 0 12 0 0 0 27 0 15 32 0 0 0 0 0 0 16 0 0 6 0 0 81 0 64 16 2 6 0 0 0 0 0 0 
8 0 45 0 68 0 0 0 0 0 0 16 0 2 0 0 0 81 0 0 64 0 42 36 0 0 0 0 0 0 63 0 45 0 18 0 0 126 0 16 0 0 56 72 130 0 0 0 94 0 0 0 64 0 40 0 16 0 0 40 0 90 0 104 
0 0 0 0 0 24 36 2 32 18 24 0 24 0 16 0 0 8 18 4 0 15 0 16 64 0 36 0 52 60 0 45 4 0 0 0 0 28 12 16 45 80 7 0 0 63 72 0 8 0 12 0 72 0 16 0 0 24 4 4 0 2 0 0 
42 0 0 0 0 28 0 0 0 0 63 0 0 35 0 0 63 0 0 42 0 0 0 63 0 0 0 42 21 0 0 0 0 35 0 0 0 0 0 0 0 0 0 0 0 0 0 0 0 0 0 14 0 0 56 0 0 0 0 7 0 49 0 0 
0 0 0 0 0 0 45 6 0 0 0 0 25 28 0 0 0 0 74 0 0 0 0 0 63 0 0 0 0 0 0 0 27 0 0 0 0 56 36 48 0 0 0 0 0 0 20 0 24 0 36 0 49 0 45 20 0 0 0 0 0 0 0 56 
32 0 8 0 36 16 0 28 7 8 7 0 24 40 30 15 40 0 28 0 0 63 20 0 0 0 0 0 16 0 0 40 25 0 0 27 40 81 111 93 20 28 0 0 81 28 36 0 45 16 0 35 8 0 45 0 18 0 0 45 0 97 0 144 
8 3 2 0 0 4 0 0 0 90 40 0 0 0 0 0 0 0 0 12 0 0 5 4 0 0 0 0 0 15 3 16 0 0 12 0 0 0 0 0 2 0 8 8 0 0 15 0 0 0 0 15 3 0 0 0 56 32 48 21 0 4 0 0 
32 0 8 27 40 16 45 0 6 10 42 36 24 9 0 0 54 12 32 0 36 32 20 23 18 0 45 48 72 15 26 46 40 4 15 24 0 18 42 8 37 45 0 0 44 35 44 0 12 12 0 0 20 39 42 0 12 78 5 30 24 38 0 66 
0 0 0 54 0 48 63 32 0 0 42 0 0 0 0 0 0 32 18 0 0 0 0 28 0 0 87 0 28 45 0 0 10 0 0 0 0 0 12 40 32 0 0 0 0 0 20 48 8 0 12 0 0 6 0 4 42 42 35 7 0 0 0 0 
0 0 6 0 36 0 72 0 0 0 0 0 40 0 16 0 0 8 32 4 0 19 0 0 0 0 8 0 0 0 0 0 24 6 0 0 0 109 0 0 0 8 0 0 89 0 39 9 45 0 0 0 0 0 117 32 18 0 0 45 7 81 0 81 
5 8 0 35 0 0 0 6 0 6 9 0 0 8 4 13 0 0 54 31 8 3 0 0 18 0 0 0 21 0 30 15 12 51 53 66 45 41 61 48 15 68 0 0 1 22 42 0 24 17 36 0 24 7 0 72 0 0 18 0 0 0 63 16 
24 0 0 0 0 6 0 34 8 8 0 48 19 24 0 9 0 48 0 0 0 0 0 18 16 0 0 0 0 18 0 0 0 0 0 12 19 0 40 96 7 0 0 0 12 0 6 36 0 4 0 0 20 0 4 7 0 0 0 0 0 0 0 28 
48 0 12 66 0 72 0 38 0 0 6 0 0 0 0 0 32 24 72 0 0 0 30 0 0 0 16 8 0 0 0 0 22 46 30 36 0 12 48 64 0 42 0 0 0 0 6 48 32 32 48 0 0 6 0 48 42 0 12 0 0 24 42 0 
34 0 4 0 0 20 108 0 0 18 145 0 15 0 0 0 108 48 12 18 0 0 10 63 81 0 117 18 45 63 0 85 9 15 0 0 0 0 0 36 48 45 0 0 0 0 44 0 9 54 0 0 0 0 86 18 14 62 63 9 0 8 0 9 
0 0 0 9 0 0 0 0 0 63 35 0 0 0 0 0 24 18 0 0 0 0 0 0 0 0 12 6 0 0 0 14 0 12 0 0 0 0 0 0 0 9 0 0 0 0 0 0 0 24 0 0 0 0 0 0 49 28 51 0 0 0 0 0 
0 0 0 0 14 0 27 0 0 0 0 0 15 0 0 0 0 0 12 63 32 0 47 0 0 0 0 0 0 0 0 63 9 0 0 0 0 0 0 0 0 0 28 36 0 0 12 28 0 0 0 0 32 0 27 12 0 0 0 0 0 0 0 16 
54 0 2 33 16 36 0 0 5 0 81 0 0 46 8 0 137 42 0 70 30 30 0 81 16 0 28 108 55 0 15 0 0 73 16 0 0 50 0 0 0 25 0 0 36 0 0 0 20 56 0 4 0 0 92 0 16 40 21 22 14 50 32 36 
28 8 0 5 104 0 9 44 5 72 6 56 26 22 0 36 40 0 8 0 62 16 0 65 0 0 9 40 4 15 15 5 56 0 25 42 18 112 0 56 14 0 0 9 164 0 32 0 64 0 0 15 0 5 40 14 40 46 1 66 40 72 42 72 
0 0 0 36 60 0 0 0 0 63 0 66 36 0 4 0 54 27 9 0 36 48 0 0 0 0 0 0 48 0 18 0 52 17 0 4 0 45 0 18 18 0 0 0 45 8 36 0 27 0 0 0 30 78 48 0 12 0 0 0 0 9 0 6 
0 0 0 0 0 0 0 0 0 0 0 0 0 0 0 0 0 0 8 0 8 0 3 0 0 0 0 0 0 0 0 0 0 0 0 0 0 0 0 0 0 0 7 9 0 0 0 0 0 0 0 0 8 0 0 0 0 0 0 0 0 0 0 4 
6 0 0 27 0 4 0 4 1 68 25 0 0 18 0 0 81 72 0 6 0 21 0 9 8 0 36 24 66 0 0 41 0 41 0 0 0 0 27 3 35 76 9 0 0 49 56 0 9 72 0 0 0 0 8 0 25 12 45 0 0 0 16 0 
0 0 0 0 0 0 0 10 0 72 0 0 0 6 0 0 0 82 0 32 0 0 0 6 0 0 0 0 56 0 12 0 8 6 0 0 64 0 72 22 0 0 24 0 54 0 2 12 24 0 56 0 0 0 0 0 0 0 0 0 0 6 0 0 
0 1 9 0 0 0 54 0 0 0 6 0 30 54 0 48 0 0 24 0 0 36 0 0 24 0 0 0 42 0 0 42 18 0 0 0 9 6 0 0 0 0 0 18 0 0 24 0 0 0 0 0 0 0 56 24 45 0 0 0 0 0 48 0 
22 9 4 0 0 8 0 0 0 36 0 0 0 0 28 18 0 24 0 7 0 21 10 0 0 0 0 32 82 0 8 24 0 36 0 0 0 103 36 0 0 14 12 0 14 6 2 0 12 30 0 0 0 42 18 0 0 0 0 0 0 8 0 0 
0 0 0 32 0 0 54 24 6 48 0 0 72 12 0 54 9 0 40 39 92 56 0 28 40 0 0 48 0 36 90 12 18 0 20 0 90 0 20 0 42 0 0 0 0 0 24 0 0 8 15 6 0 10 54 69 32 48 0 20 32 48 0 0 
36 0 0 0 0 0 54 0 0 14 12 72 20 17 0 0 0 0 16 18 0 0 0 8 18 0 18 0 36 24 0 35 28 0 0 12 0 16 0 72 35 49 12 0 30 49 90 0 0 0 0 0 14 0 36 16 0 12 2 2 0 0 0 16 
0 4 0 21 64 0 0 0 0 0 1 0 0 0 0 8 76 141 0 3 0 35 0 28 0 0 28 14 0 3 18 7 0 37 0 0 0 63 0 18 0 102 65 3 108 0 3 0 35 56 0 0 0 0 35 0 16 0 21 35 0 90 0 63 
0 0 6 0 0 0 0 25 0 0 7 0 0 15 0 0 0 40 0 0 0 0 0 15 0 0 0 0 0 0 0 0 0 35 35 42 6 14 0 25 0 35 0 0 0 0 5 30 0 0 0 0 0 0 0 56 14 0 0 0 0 0 49 0 
0 0 0 0 0 0 0 0 0 0 0 0 0 0 0 0 0 0 0 0 0 0 0 0 0 0 0 0 0 0 0 0 0 0 0 0 0 0 0 0 0 0 0 0 0 0 0 0 0 0 0 0 0 0 0 0 0 0 0 0 0 0 0 0 
5 0 36 5 0 12 0 0 0 110 0 0 0 79 48 39 64 112 8 32 32 45 42 5 0 0 90 0 45 42 0 37 48 66 25 42 64 40 0 42 104 9 7 0 77 5 109 54 24 25 56 56 42 40 0 7 0 0 49 25 82 2 0 0 
54 0 0 7 0 36 0 0 35 8 81 0 38 0 0 24 81 6 6 60 21 21 0 81 15 20 0 54 43 0 24 23 0 45 0 0 19 0 17 18 20 28 0 20 0 28 32 1 0 7 0 20 2 0 72 0 28 28 0 0 0 18 0 0 
8 16 0 0 36 0 0 0 0 4 0 0 0 0 0 20 0 81 10 0 75 35 9 40 25 0 0 0 8 0 30 15 0 0 34 24 0 0 0 0 12 14 21 35 54 14 54 0 54 4 0 0 47 0 0 0 20 0 36 0 0 48 0 12 
0 0 0 0 16 0 0 47 0 0 0 0 0 72 36 0 0 72 18 81 0 27 40 43 0 0 0 0 0 0 0 72 4 0 0 0 0 63 12 61 8 18 0 32 0 0 17 86 8 0 12 18 12 0 0 0 0 0 0 9 0 63 0 0 
6 0 0 0 2 10 0 0 0 27 9 0 0 0 0 0 9 0 0 43 0 0 26 9 0 0 0 6 3 0 0 9 7 5 0 21 56 0 0 0 24 0 0 0 21 0 0 4 0 0 49 0 21 0 8 0 0 0 0 0 0 0 0 0 
0 0 0 8 0 0 0 0 0 45 0 0 0 24 0 0 18 30 0 30 40 0 15 56 0 0 0 32 35 0 8 32 0 0 40 0 0 0 45 0 0 0 50 45 8 0 0 0 15 0 30 12 40 20 0 6 0 0 0 40 64 0 0 20 
73 32 54 20 16 36 0 0 42 0 81 18 60 24 0 49 99 72 0 54 32 79 0 89 0 30 72 54 70 0 0 8 16 117 72 48 0 0 0 0 6 0 0 12 75 3 135 81 0 23 0 0 50 47 88 0 4 42 72 40 127 0 0 2 
