12 15 13 16 16 9 13 13 10 10 13 9 10 12 12 15 14 15 12 7 14 17 14 15 14 11 12 19 10 17 12 14 12 14 12 12 12 15 15 14 14 18 13 14 14 13 11 16 13 13 15 14 13 15 14 16 10 12 16 13 13 16 13 11 
9 13 14 11 17 10 13 17 14 14 15 12 13 14 13 21 14 20 16 7 14 17 17 18 16 12 15 14 14 16 16 16 10 17 13 16 13 16 15 16 13 20 15 14 17 16 18 15 15 13 16 13 12 15 18 17 11 18 14 15 15 15 15 15 
15 11 17 17 18 17 11 17 14 13 11 11 10 17 14 16 13 17 8 12 14 19 17 17 17 14 13 19 12 18 12 12 14 15 14 14 13 14 12 15 17 17 13 13 15 14 15 17 11 11 12 13 14 18 13 14 14 14 14 12 19 15 18 18 
17 14 20 21 21 18 14 20 22 18 14 12 14 20 18 17 18 22 19 12 19 19 15 22 19 15 16 18 17 25 19 14 23 22 19 16 15 18 18 20 18 18 19 18 18 17 17 21 11 18 18 15 19 16 14 16 17 17 20 23 15 20 19 18 
6 11 11 9 11 11 12 13 15 14 9 12 9 16 10 15 9 15 15 8 7 12 10 13 9 14 13 12 9 17 10 11 9 16 12 12 8 12 12 13 13 11 11 9 9 9 12 12 9 9 11 14 10 12 11 14 8 11 11 15 13 13 12 11 
12 11 16 17 19 14 11 14 14 12 14 7 12 13 12 17 13 18 15 10 15 17 15 18 8 14 14 13 16 18 14 10 12 20 17 14 10 13 18 15 15 17 14 15 16 15 15 19 12 10 16 17 16 12 18 16 10 15 18 14 11 17 16 8 
14 13 15 13 15 13 11 16 14 13 9 11 16 15 15 16 14 16 15 8 13 17 11 16 13 13 18 18 13 13 14 10 10 17 14 14 13 14 17 14 15 16 12 15 14 15 20 16 11 9 12 13 11 12 11 15 12 15 12 16 15 14 18 14 
17 9 16 18 21 17 8 16 17 13 11 10 14 16 13 16 15 18 17 15 16 19 14 21 17 16 16 18 16 19 15 14 17 19 19 16 14 15 20 13 15 18 20 20 17 16 22 15 10 12 16 13 16 18 16 18 13 17 17 16 17 17 20 15 
7 11 4 10 8 13 9 11 10 9 7 6 11 7 8 8 9 10 10 9 9 11 9 10 11 10 9 15 7 12 8 10 12 11 13 9 7 10 12 10 9 11 15 10 8 8 9 6 4 11 10 8 10 11 8 12 7 10 11 12 13 7 10 9 
16 15 17 18 18 16 14 19 19 14 14 9 14 17 17 19 19 22 16 14 17 22 15 21 21 16 22 20 17 25 17 21 16 23 16 15 13 21 14 19 18 23 19 16 20 18 20 21 14 17 18 18 20 23 16 18 15 16 17 19 17 19 18 17 
12 16 14 19 17 16 14 15 13 10 12 12 15 19 12 16 17 16 10 10 14 16 13 16 16 15 15 18 14 16 16 17 14 18 14 13 12 16 12 16 18 20 17 14 17 13 15 17 12 16 16 11 15 18 13 18 12 13 14 17 16 17 16 18 
13 7 15 16 17 14 10 15 15 9 10 9 13 14 11 14 14 16 15 12 18 16 15 18 13 16 14 15 12 17 14 10 12 18 14 13 13 13 13 14 16 17 16 16 18 15 15 15 9 12 15 13 13 12 14 13 10 16 16 14 13 12 12 10 
11 10 19 12 20 13 16 18 15 13 9 11 13 13 12 13 15 18 16 15 16 17 15 14 17 14 15 14 15 16 14 19 15 20 11 17 13 13 15 11 17 19 15 13 16 13 19 20 8 11 12 11 12 12 17 19 14 19 14 15 17 12 17 14 
12 10 18 17 15 16 9 18 18 13 15 13 14 18 12 17 14 16 13 14 15 21 14 15 16 12 15 17 16 16 10 12 13 24 14 15 11 15 14 12 17 18 14 13 16 15 19 16 12 12 17 12 17 15 15 18 12 15 12 16 13 17 17 15 
8 7 12 11 12 8 10 10 8 9 8 6 10 14 12 12 16 16 8 6 13 14 11 12 10 10 12 12 8 13 11 8 9 15 8 10 8 12 10 10 13 14 11 10 13 11 13 13 7 10 10 9 13 9 11 11 8 12 9 9 10 10 13 10 
15 14 16 18 21 15 13 16 19 12 15 10 13 14 15 18 13 19 16 11 19 19 19 18 16 13 13 15 15 24 15 16 17 19 16 15 14 17 17 17 16 21 16 18 15 17 17 19 11 14 18 11 13 19 16 18 14 15 19 17 16 12 16 14 
10 9 15 19 16 13 10 17 15 10 13 10 11 15 8 15 16 17 17 10 15 17 12 21 14 15 13 13 16 18 15 10 14 17 15 13 14 16 12 15 14 19 16 12 15 7 16 14 11 11 14 11 15 15 12 14 14 11 12 14 13 15 16 11 
11 12 18 18 19 16 13 19 17 14 10 11 13 20 15 15 18 18 16 14 19 17 11 17 16 12 13 15 13 19 12 13 18 18 15 16 13 16 13 13 16 18 17 15 17 14 13 17 10 13 17 10 19 14 15 15 14 11 15 19 15 17 16 12 
10 15 16 16 19 18 15 15 9 17 10 13 11 18 16 14 14 18 10 13 12 21 14 18 14 15 14 18 13 19 11 17 14 24 15 15 10 16 15 15 18 16 14 11 18 18 18 16 11 14 18 14 17 15 13 19 9 18 13 15 18 15 20 14 
14 15 16 17 20 15 16 17 12 15 16 10 13 15 14 17 14 17 16 10 13 21 17 21 16 14 19 20 14 18 15 15 16 17 14 13 15 18 16 17 19 21 16 20 18 11 17 20 13 15 17 14 14 19 15 17 15 15 15 19 16 17 16 15 
10 13 16 19 16 11 14 16 13 13 12 12 13 20 10 13 17 18 12 7 16 14 12 16 14 18 14 14 18 20 14 13 17 18 16 15 11 14 14 15 15 20 14 13 13 12 15 15 11 10 16 10 17 17 13 12 12 14 13 18 14 14 17 13 
14 10 18 16 17 13 18 22 18 15 17 9 13 20 15 18 22 22 22 14 18 19 17 17 18 17 18 17 16 22 18 19 18 25 16 17 12 20 17 17 17 21 20 16 19 14 15 21 13 16 18 15 15 19 18 17 17 16 17 21 15 15 19 16 
13 17 17 19 22 18 17 22 19 16 14 14 19 21 17 18 18 21 18 15 18 21 16 20 18 17 18 19 17 25 16 22 17 24 16 18 13 23 14 20 18 25 21 16 19 17 21 23 13 17 20 18 20 19 14 20 13 17 18 20 17 16 19 16 
9 14 16 13 16 16 20 19 19 14 16 17 14 18 11 18 13 19 19 13 15 15 17 17 15 13 14 15 12 19 17 13 17 17 13 17 13 17 13 18 21 17 17 16 14 11 16 17 10 14 17 11 11 13 17 17 13 16 15 17 17 16 15 14 
13 12 18 16 17 16 16 22 21 14 13 13 15 20 14 19 14 19 13 14 17 18 15 14 14 13 18 15 22 22 16 18 17 23 14 18 10 17 12 13 17 19 15 13 15 15 20 21 11 11 15 10 16 16 14 18 15 15 16 18 12 11 18 16 
10 15 11 13 14 12 11 11 9 8 12 9 12 13 12 13 12 14 11 10 7 13 9 16 13 11 13 15 7 12 12 12 9 16 13 12 8 12 12 13 14 16 14 9 15 12 13 13 10 14 13 10 14 12 10 16 9 11 9 12 12 16 16 11 
11 13 14 14 16 9 11 13 11 9 10 6 11 13 12 14 11 14 13 9 10 17 15 12 13 11 8 13 10 14 9 10 8 19 10 15 9 15 12 14 12 16 12 9 12 13 11 15 9 8 13 9 11 15 17 15 9 14 14 12 14 12 15 9 
10 11 21 21 19 14 14 20 18 18 18 14 15 21 17 19 16 20 15 13 20 24 20 20 18 15 17 17 20 22 15 16 18 27 17 23 15 19 15 18 18 21 16 15 18 17 20 21 14 19 19 15 17 16 16 19 15 19 18 15 17 14 21 17 
11 11 14 14 14 15 14 13 14 10 9 13 13 9 8 15 14 17 12 13 16 16 17 13 13 10 13 19 11 13 11 16 14 17 9 16 16 14 13 14 17 19 15 13 12 13 15 14 11 14 13 11 13 11 16 13 11 14 13 15 17 13 8 9 
12 12 12 12 15 13 12 13 14 10 10 10 7 15 7 14 12 15 10 10 10 11 11 13 13 12 14 13 9 16 12 15 13 14 12 10 8 10 12 9 14 13 11 12 15 12 12 11 7 10 15 6 10 13 8 11 12 10 8 12 14 14 14 12 
14 12 14 14 15 16 14 18 16 10 10 13 16 18 9 15 18 17 14 14 13 19 15 16 16 14 14 20 14 16 13 15 16 21 11 13 11 18 13 12 18 18 17 15 14 12 17 15 10 14 15 11 12 15 13 17 12 16 18 16 14 12 16 16 
11 12 11 13 19 13 12 17 14 14 11 12 14 14 15 19 18 18 18 11 15 16 11 18 13 16 17 18 11 17 14 13 11 19 14 14 15 16 15 10 13 18 17 14 17 14 16 16 14 11 17 14 18 14 14 16 11 15 12 18 17 14 13 8 
12 9 13 14 16 9 12 12 12 8 13 7 11 15 13 11 12 16 10 7 14 16 14 17 15 12 14 13 11 18 15 11 10 14 13 14 10 13 13 16 14 15 12 13 15 14 14 13 8 11 11 13 11 17 13 14 11 11 14 10 11 12 15 12 
12 12 18 16 19 13 11 18 14 13 12 10 11 17 14 19 17 16 13 11 17 17 15 17 12 15 16 17 13 22 12 16 15 18 10 12 9 13 16 11 16 20 14 16 16 14 16 19 11 12 14 11 16 17 15 18 12 11 12 17 15 13 14 16 
12 17 16 18 22 17 18 22 18 18 13 14 16 21 14 19 20 23 21 13 17 19 13 24 20 18 15 17 17 24 16 18 17 23 17 21 16 24 19 19 21 19 18 16 18 15 18 19 13 15 19 12 19 18 18 21 14 19 19 19 18 17 22 14 
13 11 18 17 16 15 16 18 16 14 12 12 17 16 19 17 19 19 17 15 18 19 15 17 15 13 17 19 16 20 17 15 16 23 12 17 15 17 13 14 17 22 19 17 14 15 18 20 12 15 18 15 17 15 18 18 13 14 16 17 15 15 16 13 
9 12 13 14 20 15 14 16 12 16 9 10 15 16 12 17 17 20 14 11 15 16 14 19 13 18 16 15 14 18 14 18 15 21 11 16 13 17 15 13 18 16 16 16 17 13 18 19 12 13 16 14 16 15 12 19 7 17 13 16 15 16 14 13 
15 13 17 16 17 11 14 19 16 14 11 14 13 15 16 18 17 16 17 9 14 20 15 17 16 14 15 18 15 21 13 18 14 21 14 14 14 19 15 16 15 21 16 15 13 15 19 22 14 12 16 13 15 15 15 16 13 13 14 18 17 18 19 14 
15 12 16 20 20 19 17 21 22 17 17 12 19 18 13 19 15 22 20 16 20 20 17 19 19 15 15 17 19 22 20 16 15 22 17 24 16 21 15 22 19 20 21 17 16 16 18 17 13 14 20 15 18 20 18 20 15 18 20 16 18 17 19 15 
8 16 16 16 18 14 14 18 14 16 12 10 12 16 13 15 13 21 15 9 14 12 11 17 10 13 13 13 11 18 15 14 18 19 13 13 12 16 14 15 14 15 12 14 17 14 13 19 8 14 16 13 15 12 13 15 13 15 13 19 12 14 16 9 
12 10 9 13 16 16 13 11 10 11 7 9 14 11 11 12 15 19 11 12 12 16 11 14 13 12 12 18 12 14 15 12 10 13 13 13 13 13 16 11 14 17 15 15 10 13 18 14 10 12 14 13 14 14 16 14 14 14 14 15 15 10 12 12 
12 14 11 18 19 14 13 14 16 16 12 9 13 13 18 16 15 19 21 13 12 23 14 23 18 15 12 17 12 19 18 12 17 19 16 14 14 19 17 17 16 16 20 19 17 15 19 19 10 17 19 15 15 20 18 19 10 18 18 19 16 20 17 15 
14 14 19 19 18 19 18 22 19 16 11 15 15 21 16 18 20 20 17 16 18 22 13 22 17 16 20 23 16 20 16 18 19 23 17 18 17 19 17 15 20 19 20 17 20 17 20 17 12 18 21 15 18 16 16 19 16 16 18 18 17 16 20 15 
13 12 18 20 16 16 12 23 19 12 14 15 15 17 13 20 16 17 18 11 15 19 16 20 14 15 15 20 12 18 14 12 19 20 13 14 14 18 13 20 18 19 20 15 18 10 16 19 9 16 17 13 15 16 18 13 16 14 14 20 19 17 17 14 
8 11 9 15 19 16 13 15 11 17 11 10 11 14 11 15 15 18 16 13 13 15 11 19 8 16 15 14 15 19 14 16 14 20 17 15 10 15 20 13 15 16 18 14 15 12 16 16 11 13 16 10 13 10 13 18 9 16 13 17 14 12 18 9 
13 15 17 16 16 17 17 22 16 14 13 12 14 17 10 16 16 20 14 12 10 17 15 19 19 15 14 20 15 19 15 16 17 19 14 13 11 18 14 16 18 19 16 13 14 9 13 16 9 16 18 15 15 17 12 19 16 16 17 15 13 13 17 17 
11 14 14 17 21 15 15 18 18 15 12 13 16 15 14 17 18 18 14 13 18 17 19 15 18 15 11 13 15 22 11 19 18 21 15 18 16 17 15 13 13 21 20 14 14 16 14 16 11 13 16 10 15 19 16 19 14 13 16 17 17 14 15 11 
11 13 12 15 16 14 13 15 15 14 13 10 15 19 14 13 17 18 16 10 11 16 9 17 16 16 13 16 13 19 16 16 12 19 18 13 9 18 18 15 13 20 15 14 14 13 17 18 11 13 19 14 15 17 13 16 15 16 13 17 11 12 18 14 
12 8 15 12 17 12 13 17 14 12 11 11 14 16 11 14 15 18 17 11 16 16 10 17 11 11 12 16 11 18 12 15 12 21 7 13 12 14 14 13 14 18 16 15 14 13 16 18 7 14 14 9 12 9 15 14 11 14 13 15 14 9 13 12 
13 11 12 15 17 11 11 14 15 11 11 13 12 15 11 15 14 13 15 13 17 18 14 15 8 15 12 15 14 14 13 10 10 19 13 11 13 15 12 11 9 17 16 16 13 17 14 14 14 9 15 14 11 12 13 16 9 15 18 18 13 11 12 10 
11 9 11 15 13 13 13 13 13 8 9 6 15 14 10 10 11 15 13 11 12 17 7 15 13 13 12 13 12 15 12 11 13 18 12 10 14 13 11 11 12 16 14 11 12 9 12 12 8 11 14 13 13 13 10 14 10 12 14 14 10 11 12 9 
9 13 15 16 13 12 14 14 15 11 11 15 13 17 10 14 15 12 16 11 15 17 14 17 14 16 11 15 12 14 11 13 11 20 13 15 12 18 13 15 14 19 16 17 12 18 16 11 13 14 20 10 11 13 15 15 10 16 15 15 15 11 16 11 
15 15 20 22 20 20 18 23 19 15 14 15 13 21 13 18 17 24 13 17 20 21 17 20 18 19 18 22 19 23 16 23 21 24 16 18 17 19 18 16 20 22 19 18 20 18 20 23 15 17 20 16 15 20 17 21 15 19 18 18 16 18 20 17 
15 15 20 22 19 16 16 23 20 16 15 13 15 21 16 26 22 22 18 13 14 20 21 18 18 20 19 22 17 24 18 20 17 28 17 17 15 23 19 17 18 24 21 16 21 17 16 22 13 17 22 17 18 20 20 17 15 19 20 17 19 19 22 16 
15 16 19 18 20 18 19 19 15 14 16 14 16 19 13 20 18 22 15 12 18 19 18 23 17 17 15 20 16 22 18 18 16 23 17 18 14 15 18 19 24 24 19 15 19 16 18 18 15 18 19 14 15 16 14 20 14 16 17 17 16 16 19 17 
16 16 21 22 22 19 19 22 21 17 17 16 20 21 19 25 21 24 19 18 18 27 24 23 25 15 20 22 20 25 21 21 18 26 20 22 18 27 19 22 21 29 22 20 21 19 23 24 17 20 24 16 19 25 24 21 21 20 21 24 25 21 25 18 
10 9 11 14 15 14 14 13 11 15 12 9 12 11 13 13 14 20 11 11 14 14 11 17 13 14 11 14 14 17 15 12 14 17 18 15 12 14 18 12 13 16 15 16 12 15 14 14 13 12 17 13 15 14 16 16 12 17 14 16 14 12 17 9 
14 10 13 18 20 17 16 17 16 11 11 10 16 16 9 19 15 19 14 13 15 17 16 18 15 13 14 16 16 19 18 17 13 20 12 16 16 15 13 12 17 21 20 15 16 13 17 15 11 14 19 10 10 15 16 18 10 16 16 13 17 15 17 15 
13 12 15 17 18 17 13 16 18 15 15 14 16 15 15 20 18 22 20 15 19 19 16 21 15 17 13 16 14 21 17 17 16 24 21 19 15 19 20 19 15 22 19 17 18 18 19 18 15 15 20 15 17 16 17 14 14 17 16 18 17 15 18 10 
12 13 15 18 17 18 17 21 15 18 16 14 14 15 15 18 17 23 15 13 16 24 13 22 18 14 18 23 17 20 16 20 21 24 19 19 18 20 16 18 18 21 21 15 18 14 21 18 17 18 20 15 21 18 17 19 15 20 13 21 21 17 19 16 
16 17 20 18 21 17 16 21 20 9 13 14 17 19 12 20 18 19 19 17 20 21 18 22 17 17 19 21 16 19 18 16 16 21 14 17 15 17 15 15 19 24 17 19 19 16 21 18 14 13 17 15 14 18 18 19 16 17 18 19 16 16 17 14 
10 13 13 18 16 20 13 17 16 17 14 10 17 17 17 20 13 20 16 13 12 18 15 21 12 13 13 18 13 19 17 13 15 22 16 15 11 17 16 18 16 19 18 16 18 16 16 18 9 17 25 16 16 16 16 14 10 17 15 16 17 15 16 13 
9 14 15 16 16 16 16 17 11 18 13 11 17 15 15 19 18 20 14 12 15 18 15 18 14 14 17 19 11 17 17 14 15 20 13 15 15 18 16 16 18 18 15 16 15 13 16 18 12 17 14 18 17 17 16 20 14 15 13 18 16 16 17 12 
12 13 16 16 19 15 14 17 17 16 16 15 21 19 16 17 15 17 17 11 18 20 15 16 16 14 14 19 17 18 15 18 12 21 18 21 13 17 19 18 14 21 18 19 15 18 20 19 14 16 23 15 12 18 18 22 12 17 18 17 16 15 18 17 
