1124 1321 1284 1376 1250 1140 1135 1143 1494 1235 1512 1174 980 1222 1451 1360 1330 1072 1239 1184 1049 1470 1376 1177 1258 1060 1333 1248 1406 1382 1065 1421 1032 1223 1341 1188 1296 1473 1291 1277 1199 1242 1174 1196 1249 805 1099 1184 1337 1316 1267 1286 1057 1334 1285 924 1189 1260 1156 1252 1098 1230 1107 1169 
1120 1218 1205 1321 1135 1009 1078 1156 1428 1252 1389 1152 1098 1346 1300 1099 1394 1204 1171 1219 1189 1220 1328 1210 1180 1203 1154 1367 1351 1407 1176 1420 1176 1260 1412 1301 1357 1585 1317 1274 1127 1318 1102 1148 1227 1017 1134 1195 1357 1288 1173 1364 1136 1290 1314 1078 1167 1074 1277 1276 1180 1320 1218 1171 
1124 1267 1313 1381 1259 1192 1314 1273 1460 1336 1586 1238 1133 1405 1511 1306 1357 1308 1334 1351 1207 1328 1376 1265 1275 1213 1293 1381 1392 1446 1198 1402 1208 1323 1422 1161 1389 1473 1403 1330 1144 1267 1382 1306 1372 1134 1189 1246 1337 1340 1228 1325 1243 1364 1356 1031 1366 1172 1281 1297 1185 1202 1210 1194 
1138 1281 1447 1448 1265 1209 1359 1394 1610 1393 1711 1253 1164 1488 1617 1447 1533 1339 1416 1393 1232 1481 1595 1408 1397 1292 1401 1357 1545 1562 1338 1505 1196 1399 1457 1290 1528 1661 1409 1386 1223 1393 1301 1369 1399 976 1224 1288 1490 1538 1379 1421 1121 1399 1493 1068 1351 1338 1426 1280 1149 1322 1365 1331 
1290 1217 1359 1556 1168 1267 1157 1256 1539 1298 1611 1350 1171 1503 1662 1250 1519 1352 1194 1294 1229 1391 1554 1276 1366 1136 1346 1392 1410 1462 1324 1516 1240 1500 1556 1235 1363 1596 1301 1374 1404 1380 1266 1279 1294 971 1213 1332 1346 1474 1341 1317 1100 1387 1553 1107 1343 1195 1330 1273 1214 1379 1233 1381 
1287 1403 1567 1563 1435 1347 1440 1403 1767 1419 1800 1550 1262 1568 1685 1474 1614 1454 1502 1458 1313 1583 1688 1452 1583 1404 1409 1614 1602 1640 1519 1744 1385 1604 1712 1477 1597 1786 1601 1445 1338 1622 1276 1419 1502 1197 1254 1430 1578 1650 1580 1646 1265 1610 1652 1258 1543 1390 1511 1543 1305 1409 1424 1479 
1187 1240 1361 1420 1095 1130 1088 1205 1517 1127 1494 1260 1231 1310 1437 1252 1368 1193 1199 1336 1159 1317 1418 1193 1224 1135 1377 1366 1320 1482 1211 1431 1147 1340 1447 1122 1364 1498 1208 1359 1265 1366 1193 1149 1266 971 1235 1204 1361 1407 1112 1332 1144 1151 1434 1106 1147 1203 1221 1213 1221 1367 1190 1264 
931 1227 1245 1388 1248 1048 1119 1062 1637 1084 1601 1204 1078 1308 1422 1151 1444 1072 1187 1260 1066 1274 1383 1193 1251 1100 1187 1456 1257 1425 1203 1405 1012 1251 1397 1175 1356 1419 1257 1393 1180 1179 1169 1203 1284 945 1205 1158 1271 1295 1114 1446 1158 1254 1355 1006 1341 1064 1222 1186 1147 1188 1225 1123 
1093 1175 1258 1345 1086 985 1044 1082 1404 1212 1517 1135 1113 1165 1389 1227 1266 1210 1186 1076 1192 1259 1288 1152 1185 1056 1201 1247 1289 1224 1176 1393 1063 1154 1246 1262 1353 1352 1209 1184 1020 1176 1019 1093 1200 1025 1146 1172 1255 1260 1191 1251 1132 1122 1494 998 1086 1144 1104 1110 1067 1176 1185 1171 
1155 1206 1056 1217 942 1019 1002 1016 1327 1186 1292 1114 984 1363 1371 1042 1230 1141 1132 1103 1134 1224 1289 1300 1210 956 1191 1274 1248 1161 1169 1296 1051 1242 1250 1159 1337 1349 1052 1087 1096 1019 865 1036 1081 982 993 1200 1252 1165 1238 1130 916 1165 1261 988 1031 980 1249 1139 1107 1197 1113 1045 
925 997 1098 1173 996 1112 1061 1130 1315 1122 1501 1080 1027 1322 1361 1059 1326 1059 1175 1178 1136 1296 1253 1078 1300 980 1134 1235 1102 1204 1154 1190 1079 1231 1318 1115 1221 1436 1169 1147 1097 1133 1012 1154 1035 927 1034 1128 1192 1204 1185 1069 1020 1214 1219 858 1196 1102 1114 1194 1037 1034 1133 1130 
1260 1423 1326 1477 1304 1206 1293 1308 1669 1286 1773 1352 1245 1468 1576 1319 1626 1281 1357 1503 1283 1441 1577 1334 1417 1205 1401 1465 1403 1475 1318 1483 1274 1539 1575 1387 1518 1653 1441 1429 1431 1392 1237 1277 1331 1190 1287 1504 1423 1408 1337 1403 1275 1490 1527 1125 1462 1151 1361 1544 1314 1373 1342 1384 
1316 1358 1234 1452 1220 1236 1194 1450 1550 1308 1578 1222 1207 1449 1519 1326 1451 1367 1462 1320 1334 1334 1585 1295 1470 1116 1461 1407 1491 1364 1383 1450 1187 1474 1487 1394 1530 1637 1508 1480 1395 1319 1246 1243 1309 1052 1289 1356 1470 1371 1372 1366 1191 1367 1381 1154 1219 1248 1303 1324 1328 1321 1300 1320 
1103 1102 1141 1325 1149 1067 1050 1129 1387 1146 1407 1047 994 1282 1433 1201 1335 1129 1247 1138 949 1142 1354 1247 1188 1070 1235 1221 1309 1334 1292 1281 1036 1291 1378 1159 1164 1375 1295 1216 1085 1153 1218 1073 1231 925 1018 1243 1189 1296 1140 1229 1003 1278 1453 1008 1262 1049 1150 1267 1011 1081 1081 1068 
1249 1246 1399 1499 1246 1103 1255 1323 1638 1313 1626 1354 1282 1506 1701 1451 1563 1268 1314 1390 1281 1375 1553 1249 1366 1396 1448 1529 1444 1563 1350 1549 1213 1480 1510 1303 1551 1720 1539 1460 1253 1478 1265 1386 1388 1046 1238 1298 1413 1477 1413 1467 1122 1416 1500 1289 1372 1226 1415 1306 1238 1248 1250 1352 
1126 1128 1278 1423 1162 1135 1129 1290 1461 1241 1544 1106 1191 1351 1474 1320 1470 1214 1328 1270 1262 1274 1580 1272 1461 1217 1363 1313 1458 1372 1387 1359 1091 1429 1496 1362 1399 1496 1330 1340 1222 1281 1167 1284 1272 952 1199 1177 1430 1389 1469 1267 1194 1396 1491 1126 1201 1070 1280 1314 1218 1142 1330 1256 
1153 1388 1214 1450 1259 1190 1321 1371 1537 1229 1511 1328 1117 1414 1457 1390 1406 1216 1459 1265 1147 1427 1437 1404 1421 1180 1466 1458 1373 1465 1285 1566 1160 1302 1388 1366 1409 1562 1337 1447 1235 1317 1245 1323 1330 1034 1157 1286 1484 1369 1273 1404 1161 1418 1367 1105 1339 1199 1322 1320 1218 1315 1132 1153 
963 1091 1103 1250 1008 1029 1134 1136 1261 1057 1384 1139 963 1205 1281 1027 1304 1007 1069 1082 1180 1243 1327 1136 1271 1011 1031 1082 1170 1258 997 1207 950 1188 1324 1112 1243 1324 1087 1025 1182 1167 1059 976 1102 929 1058 1233 1297 1171 1121 1103 985 1183 1261 926 1105 935 1197 1084 1022 1183 1049 1145 
1168 1183 1254 1401 1071 1122 1187 1264 1563 1339 1599 1276 1168 1422 1500 1372 1540 1308 1237 1173 1193 1319 1554 1168 1384 1320 1347 1450 1390 1366 1206 1484 1284 1406 1493 1274 1370 1473 1364 1355 1236 1342 1146 1347 1235 911 1248 1267 1439 1461 1298 1314 1267 1404 1456 1004 1337 1134 1186 1415 1265 1320 1235 1227 
1344 1347 1439 1500 1393 1293 1313 1340 1622 1308 1713 1231 1308 1491 1687 1382 1638 1420 1455 1300 1362 1471 1648 1345 1537 1262 1457 1581 1639 1486 1396 1552 1341 1487 1552 1426 1505 1692 1518 1442 1309 1412 1230 1388 1333 1117 1354 1440 1426 1512 1500 1473 1343 1551 1559 1206 1359 1307 1397 1388 1346 1309 1301 1371 
1169 1078 1265 1421 1072 1095 1111 1151 1385 1171 1591 1125 1046 1316 1464 1207 1420 1131 1329 1304 1186 1317 1294 1120 1196 1114 1263 1228 1276 1328 1171 1253 1032 1322 1287 1118 1353 1499 1321 1334 1186 1207 1208 1122 1143 960 1133 1135 1119 1320 1217 1205 1066 1251 1326 873 1202 1155 1209 1246 1137 1206 1257 1266 
1138 1283 1377 1396 1248 1236 1218 1295 1599 1342 1678 1121 1213 1381 1656 1351 1513 1306 1403 1385 1300 1396 1586 1311 1447 1278 1443 1481 1378 1362 1176 1502 1277 1403 1426 1348 1494 1519 1453 1304 1249 1363 1139 1267 1198 1049 1327 1278 1527 1549 1382 1289 1322 1398 1475 1146 1322 1296 1313 1249 1150 1282 1331 1378 
1188 1133 1300 1371 1146 1104 1234 1215 1418 1171 1456 1248 1099 1310 1395 1172 1351 1262 1133 1202 1228 1344 1406 1254 1276 1084 1154 1216 1311 1226 1202 1386 1047 1374 1294 1164 1262 1428 1189 1199 1168 1245 1154 1087 1353 1078 1066 1268 1254 1394 1262 1222 1155 1123 1418 1013 1294 1020 1325 1195 1142 1199 1272 1162 
1150 1222 1157 1431 1180 1142 1235 1302 1594 1175 1589 1167 1140 1446 1461 1365 1383 1203 1273 1223 1063 1329 1314 1203 1183 1303 1279 1355 1370 1383 1241 1298 1259 1412 1577 1268 1397 1529 1332 1362 1151 1314 1240 1197 1383 1074 1272 1089 1318 1307 1153 1344 1215 1354 1421 1050 1296 1087 1099 1271 1213 1263 1183 1172 
1299 1240 1504 1566 1265 1343 1257 1379 1553 1292 1769 1308 1316 1475 1728 1376 1641 1230 1320 1436 1298 1541 1550 1389 1388 1177 1410 1351 1386 1573 1337 1486 1180 1563 1568 1326 1501 1627 1449 1456 1463 1450 1392 1234 1360 1086 1370 1432 1461 1546 1343 1335 1242 1422 1672 1157 1457 1259 1412 1352 1331 1379 1388 1405 
1324 1315 1550 1420 1361 1336 1499 1458 1769 1295 1767 1469 1302 1651 1667 1535 1674 1350 1464 1411 1338 1497 1670 1374 1568 1319 1528 1549 1547 1660 1469 1671 1359 1646 1581 1330 1554 1734 1485 1462 1363 1504 1343 1515 1486 1118 1250 1483 1564 1620 1475 1572 1259 1619 1600 1221 1508 1315 1444 1545 1231 1371 1371 1469 
1255 1324 1404 1535 1326 1223 1349 1318 1617 1289 1747 1322 1243 1406 1637 1344 1576 1236 1347 1280 1315 1392 1595 1315 1505 1113 1439 1371 1410 1546 1315 1529 1114 1507 1445 1333 1486 1558 1417 1480 1454 1304 1413 1204 1429 1186 1215 1543 1418 1338 1310 1355 1239 1474 1601 1109 1417 1193 1247 1375 1320 1380 1239 1357 
1186 1255 1188 1270 1144 1160 1287 1341 1545 1160 1498 1274 1191 1329 1363 1219 1325 1210 1278 1232 1200 1319 1471 1250 1329 1137 1189 1412 1324 1359 1199 1576 1064 1349 1378 1203 1263 1437 1238 1218 1264 1250 1111 1238 1285 1039 1195 1235 1370 1475 1260 1491 1152 1241 1412 1011 1393 1127 1241 1167 1145 1236 1145 1257 
1245 1221 1356 1427 1281 1316 1320 1252 1588 1207 1583 1284 1133 1386 1494 1401 1423 1295 1299 1277 1127 1297 1573 1179 1511 1173 1364 1372 1425 1385 1310 1468 1026 1429 1490 1205 1348 1512 1422 1297 1402 1347 1165 1261 1382 1038 1054 1262 1359 1427 1432 1416 1117 1430 1509 1100 1350 1234 1168 1341 1158 1304 1299 1447 
1315 1381 1463 1555 1405 1319 1407 1483 1769 1335 1794 1389 1388 1575 1773 1558 1651 1251 1574 1440 1303 1535 1604 1444 1621 1313 1593 1645 1530 1723 1405 1586 1365 1574 1619 1448 1628 1849 1604 1469 1518 1464 1451 1391 1459 1175 1418 1458 1600 1578 1307 1530 1315 1525 1634 1229 1577 1237 1484 1439 1311 1467 1369 1457 
1174 1263 1230 1262 1196 1064 1135 1135 1519 1193 1449 1287 1163 1340 1461 1280 1475 1039 1150 1212 1092 1371 1512 1208 1199 1123 1173 1340 1343 1386 1188 1411 1053 1273 1409 1138 1283 1437 1228 1187 1149 1160 978 1252 1097 836 1264 1282 1245 1483 1303 1382 979 1292 1404 963 1244 1041 1186 1345 1054 1109 1027 1229 
1052 1055 1104 1269 998 1004 1126 1109 1318 989 1319 1102 1078 1208 1223 1249 1217 1111 1266 1152 899 1144 1236 1161 1220 1064 1213 1315 1252 1333 1172 1319 1060 1260 1401 1175 1219 1500 1250 1185 1106 1195 1045 1129 1225 784 1040 1035 1233 1189 1018 1350 1053 1186 1324 1038 1145 962 1132 1115 1150 1173 973 1074 
1280 1257 1428 1439 1344 1372 1314 1333 1546 1276 1688 1235 1159 1380 1609 1428 1554 1368 1411 1473 1251 1479 1553 1375 1352 1188 1345 1519 1373 1533 1418 1406 1174 1537 1673 1302 1474 1706 1431 1388 1296 1314 1328 1349 1296 1129 1210 1289 1395 1451 1350 1489 1271 1529 1564 1127 1397 1350 1382 1310 1262 1331 1299 1283 
1165 1200 1372 1445 1211 1186 1169 1231 1560 1163 1520 1108 1131 1386 1513 1196 1394 1227 1292 1341 1125 1256 1485 1376 1275 1193 1248 1395 1442 1387 1278 1551 1214 1431 1467 1385 1390 1439 1383 1368 1095 1352 1233 1198 1302 1023 1185 1223 1398 1429 1338 1383 1165 1284 1510 1241 1305 1142 1334 1306 1218 1173 1230 1311 
1094 1312 1107 1272 1081 1060 999 1248 1426 931 1371 1067 988 1194 1264 1171 1194 1133 1183 1085 974 1345 1328 1150 1225 1118 1371 1272 1200 1234 1201 1351 1121 1231 1353 1178 1177 1419 1287 1150 1183 1324 980 1069 1125 973 1032 1116 1308 1136 1042 1188 1081 1277 1188 1087 1186 1114 1092 1199 1171 1149 1046 1144 
1163 1152 1287 1281 1109 1189 1290 1136 1523 1174 1523 1292 1163 1370 1467 1337 1363 1155 1215 1218 1113 1336 1543 1264 1452 1137 1285 1305 1373 1453 1330 1477 1165 1353 1493 1153 1252 1517 1378 1147 1142 1144 1187 1216 1261 1061 1214 1288 1293 1461 1291 1510 1164 1321 1485 1088 1353 1125 1187 1320 1173 1223 1097 1282 
991 976 1118 1079 1062 1015 1029 1015 1291 960 1342 1155 971 1114 1165 1056 1243 1108 1068 1065 1041 1134 1200 1021 1097 970 1082 1009 1142 1051 913 1139 959 1088 1218 964 1101 1270 1045 1060 1048 1038 1076 1035 1160 1007 1035 1095 1062 1100 1042 1054 1023 1071 1194 848 1145 937 1041 1106 917 1004 1004 1085 
1015 1229 1346 1346 1096 1280 1292 1204 1479 1099 1510 1146 958 1359 1496 1261 1321 1170 1313 1167 1059 1333 1396 1272 1349 1072 1227 1233 1402 1323 1235 1392 1166 1339 1364 1248 1353 1516 1277 1211 1063 1339 1069 1162 1401 998 1095 1250 1392 1302 1322 1376 1086 1239 1313 1099 1294 1176 1311 1217 1127 1111 1249 1084 
1078 1236 1099 1178 1040 1194 1153 1201 1341 1099 1355 1176 854 1236 1246 1079 1240 1128 1228 1244 1285 1290 1277 1204 1175 990 1125 1243 1131 1276 1135 1410 1045 1202 1413 1045 1325 1335 1167 1094 1165 1146 1030 1057 1032 1084 900 1219 1206 1230 1144 1160 1054 1281 1332 1027 1146 1096 1177 1101 1033 1177 1003 1050 
1262 1331 1348 1446 1329 1312 1455 1302 1703 1369 1657 1439 1262 1504 1636 1401 1548 1295 1396 1351 1315 1351 1441 1377 1401 1303 1315 1471 1547 1488 1236 1543 1171 1508 1586 1286 1541 1501 1418 1523 1259 1349 1364 1290 1427 1186 1328 1297 1399 1555 1445 1436 1288 1282 1566 1174 1412 1180 1417 1317 1125 1283 1175 1285 
1197 1284 1327 1347 1213 1245 1255 1233 1609 1156 1650 1252 1083 1451 1489 1284 1522 1206 1306 1310 1173 1384 1552 1186 1374 1138 1355 1454 1303 1348 1303 1497 1121 1292 1504 1243 1502 1369 1398 1318 1251 1335 1118 1281 1119 1022 1122 1300 1253 1480 1300 1385 1233 1324 1391 1006 1253 1194 1308 1280 1164 1219 1266 1310 
1089 1260 1333 1320 1250 1161 1103 1107 1492 1077 1447 1195 1170 1294 1445 1302 1297 1076 1218 1201 992 1375 1360 1326 1296 1120 1376 1331 1338 1415 1255 1299 1072 1384 1449 1152 1380 1506 1288 1155 1082 1342 1200 1157 1269 924 1172 1073 1353 1257 1178 1213 1093 1306 1410 1099 1217 1043 1282 1262 1127 1239 1137 1184 
906 901 1198 1263 954 1004 1088 1055 1251 1024 1328 979 1034 1080 1250 1156 1218 954 1029 1048 960 992 1199 1035 1112 1052 1006 1058 1255 1298 1137 1168 866 1263 1203 1084 1194 1211 1140 1155 990 1238 1038 1014 1209 841 918 986 1098 1168 1216 1172 939 1209 1323 966 1094 874 1009 1185 958 1024 1079 1166 
1232 1362 1425 1448 1277 1182 1180 1320 1707 1279 1772 1402 1204 1436 1620 1358 1538 1417 1429 1360 1274 1448 1597 1271 1410 1271 1464 1523 1335 1440 1351 1497 1283 1492 1549 1326 1442 1592 1322 1381 1277 1431 1283 1354 1304 1045 1251 1389 1506 1466 1317 1472 1291 1412 1514 1158 1392 1216 1401 1401 1191 1304 1234 1240 
1138 1165 1404 1472 1201 1159 1251 1260 1548 1324 1647 1288 1149 1469 1610 1244 1540 1274 1309 1327 1214 1341 1524 1267 1353 1303 1288 1380 1389 1529 1295 1438 1194 1506 1490 1270 1385 1585 1406 1292 1294 1426 1260 1089 1320 1013 1264 1273 1388 1568 1255 1346 1214 1329 1515 1134 1367 1143 1348 1322 1113 1257 1339 1279 
1075 1123 1152 1216 1105 1168 1212 1141 1442 1104 1375 1266 976 1255 1275 1139 1359 1122 1135 1219 1114 1319 1262 1100 1288 1042 1126 1347 1170 1262 1000 1382 1084 1264 1449 1081 1156 1443 1199 1165 1178 1200 1038 1130 1283 1037 1026 1069 1280 1240 1138 1241 1083 1204 1222 942 1300 1096 1084 1202 1071 1235 1047 1144 
1283 1251 1508 1478 1268 1301 1344 1341 1727 1328 1797 1438 1313 1590 1791 1347 1761 1487 1391 1449 1225 1511 1657 1415 1483 1390 1443 1621 1515 1651 1413 1604 1477 1570 1634 1398 1519 1722 1465 1433 1434 1496 1264 1399 1432 1239 1425 1442 1555 1644 1382 1550 1314 1530 1672 1248 1562 1363 1507 1423 1313 1410 1483 1355 
1019 1031 1320 1318 1130 1065 1196 1191 1424 1196 1565 1151 1086 1296 1389 1152 1560 1068 1207 1198 1088 1317 1405 1231 1309 1147 1255 1236 1277 1326 1244 1461 1105 1275 1358 1218 1308 1386 1280 1256 1158 1208 1142 1189 1198 928 1127 1198 1215 1305 1131 1284 1148 1277 1421 982 1281 979 1247 1287 1077 1117 1178 1216 
1230 1291 1369 1489 1313 1256 1442 1412 1590 1338 1609 1351 1242 1507 1571 1356 1455 1319 1377 1289 1248 1325 1459 1205 1497 1392 1317 1431 1513 1524 1217 1538 1216 1406 1454 1200 1475 1560 1495 1422 1360 1448 1333 1285 1449 1087 1271 1257 1464 1532 1316 1458 1138 1378 1481 1157 1432 1244 1243 1273 1270 1432 1182 1364 
1104 1179 1184 1261 1187 1154 1251 1146 1496 1166 1584 1174 986 1285 1354 1214 1447 1146 1147 1187 1266 1176 1428 1128 1257 1041 1166 1255 1299 1339 1088 1293 1016 1387 1387 1079 1345 1331 1255 1271 1242 1175 1178 1039 1182 998 1029 1319 1100 1298 1283 1248 1135 1366 1338 933 1263 1003 1148 1270 977 1232 1151 1243 
1175 1196 1284 1378 1378 1193 1284 1223 1621 1118 1442 1244 1257 1372 1400 1337 1374 1183 1340 1296 1125 1196 1483 1324 1461 1127 1381 1424 1448 1276 1293 1443 1008 1407 1378 1235 1484 1379 1377 1381 1221 1384 1123 1235 1395 910 1183 1206 1341 1534 1335 1423 1138 1204 1478 1157 1356 1041 1400 1225 1050 1219 1246 1289 
1039 1172 1244 1455 1228 1053 1261 1255 1463 1261 1708 1204 1178 1404 1384 1347 1433 1189 1335 1311 1200 1321 1412 1264 1333 1320 1291 1295 1375 1440 1237 1370 1118 1326 1453 1306 1490 1494 1395 1378 1251 1316 1253 1221 1194 924 1257 1266 1336 1297 1199 1315 1244 1413 1420 984 1281 1014 1276 1331 1281 1239 1212 1218 
1240 1290 1488 1450 1075 1289 1248 1481 1667 1352 1708 1217 1229 1380 1728 1433 1655 1380 1400 1388 1276 1414 1629 1180 1308 1270 1439 1486 1525 1501 1262 1487 1239 1515 1543 1224 1511 1643 1359 1448 1294 1406 1273 1439 1373 1002 1244 1359 1436 1515 1367 1403 1155 1460 1503 1120 1374 1322 1273 1446 1294 1311 1363 1386 
1335 1302 1361 1522 1213 1223 1317 1350 1573 1331 1640 1247 1288 1395 1670 1407 1377 1345 1455 1447 1273 1467 1586 1336 1504 1362 1390 1525 1593 1546 1309 1589 1314 1480 1509 1432 1513 1691 1470 1475 1454 1436 1219 1365 1383 1247 1339 1315 1584 1521 1449 1410 1277 1466 1527 1129 1443 1291 1360 1336 1412 1257 1419 1363 
985 1141 1056 1230 1170 1020 1109 1105 1409 1076 1480 1029 1067 1337 1303 1257 1289 1093 1284 1130 974 1224 1329 1160 1282 1063 1271 1298 1266 1197 1179 1190 1012 1244 1317 1178 1282 1455 1343 1232 1214 1090 1058 1165 1166 915 1119 1033 1179 1097 1134 1243 1113 1334 1202 881 1259 924 1125 1175 1100 1036 1159 1195 
1283 1231 1384 1356 1247 1357 1317 1388 1717 1264 1673 1245 1203 1360 1588 1415 1637 1345 1450 1395 1323 1324 1652 1329 1513 1182 1451 1405 1493 1448 1328 1569 1162 1626 1573 1239 1326 1618 1324 1475 1312 1284 1371 1325 1492 1090 1188 1350 1471 1492 1465 1537 1213 1456 1540 1111 1364 1208 1218 1445 1198 1247 1265 1333 
1147 1221 1386 1296 1305 1186 1158 1350 1459 1193 1502 1165 1170 1352 1531 1257 1473 1161 1307 1255 1247 1340 1457 1225 1306 1178 1336 1227 1333 1347 1216 1286 1039 1321 1475 1140 1423 1363 1415 1296 1266 1308 1301 1183 1187 1044 1241 1272 1406 1404 1172 1169 1096 1276 1529 1162 1317 1129 1317 1235 1061 1261 1152 1288 
1163 1205 1279 1366 1261 1234 1248 1162 1589 1096 1644 1212 1145 1284 1499 1292 1433 1165 1402 1264 1138 1421 1372 1308 1382 1094 1373 1272 1385 1427 1263 1354 1112 1426 1428 1328 1400 1525 1450 1337 1279 1346 1214 1169 1312 1060 1234 1132 1428 1302 1303 1368 1213 1290 1502 1140 1306 1211 1325 1190 1176 1243 1190 1229 
1143 1239 1293 1295 1219 1178 1150 1288 1539 1176 1443 1159 917 1225 1410 1132 1322 1308 1439 1272 1184 1297 1489 1241 1342 1083 1265 1231 1313 1204 1272 1358 1101 1294 1400 1159 1309 1408 1335 1229 1142 1192 1114 1057 1222 1001 1098 1173 1332 1340 1170 1377 1102 1191 1281 1125 1227 1171 1267 1176 1104 1174 1144 1026 
1198 1325 1454 1424 1375 1133 1132 1196 1549 1301 1514 1246 1155 1457 1499 1364 1578 1135 1311 1246 1185 1383 1453 1328 1326 1087 1469 1493 1370 1332 1199 1480 1156 1315 1244 1284 1575 1424 1361 1398 1191 1272 1193 1229 1313 901 1171 1248 1379 1419 1316 1335 1146 1326 1433 1061 1279 1076 1419 1345 1168 1353 1261 1335 
1187 1174 1365 1420 1264 1107 1143 1144 1579 1261 1644 1249 1150 1425 1566 1200 1490 1262 1300 1401 1125 1417 1419 1228 1229 1238 1325 1431 1299 1387 1232 1401 1257 1481 1512 1299 1359 1573 1360 1427 1337 1384 1186 1214 1244 1007 1145 1254 1407 1369 1266 1369 1200 1317 1421 1129 1402 1140 1425 1351 1147 1224 1266 1285 
1078 1041 1220 1358 1181 985 1114 1141 1506 1152 1395 1144 1032 1257 1366 1176 1229 1028 1178 1101 1071 1252 1341 1205 1235 1142 1186 1169 1243 1269 1187 1285 971 1402 1330 1129 1300 1419 1218 1225 1092 1215 1161 958 1269 924 1025 1062 1249 1208 1168 1197 1033 1129 1301 930 1158 923 1236 1182 1028 1055 1084 1111 
866 964 1062 1197 1053 856 909 984 1257 1017 1338 1213 907 1074 1089 1091 1094 1039 1113 1001 897 1104 1055 1051 993 1084 1073 1070 1067 1214 995 1189 861 1067 1187 974 1104 1254 1052 1136 1006 1040 1126 1020 992 776 885 1014 1039 1101 1007 1119 939 1110 1230 826 1106 903 1061 1145 879 1043 964 972 
1212 1315 1276 1485 1230 1179 1141 1240 1586 1300 1580 1322 1166 1364 1479 1246 1304 1291 1345 1332 1185 1403 1561 1333 1360 1141 1372 1420 1397 1335 1226 1516 1180 1395 1498 1263 1361 1516 1343 1299 1275 1325 1129 1213 1266 966 1189 1208 1399 1426 1352 1330 1207 1279 1367 1132 1330 1215 1269 1337 1197 1205 1203 1265 
